0 0 0 0 -0.4768432379
0 0 0 1 0.0397207998
0 0 0 2 0.6141302586
0 0 1 0 -0.5824533701
0 0 1 1 -0.0691506863
0 0 1 2 0.4172812998
0 0 2 0 -0.1238896251
0 0 2 1 -0.2440454960
0 0 2 2 0.4696232378
1 0 0 0 -0.2629403472
1 0 0 1 0.2465215623
1 0 0 2 -0.1759926379
1 0 1 0 0.1981859058
1 0 1 1 0.1157088280
1 0 1 2 -0.0708957538
1 0 2 0 -0.0785757452
1 0 2 1 0.2832316756
1 0 2 2 0.1055416092
2 0 0 0 0.0690051392
2 0 0 1 0.3323309422
2 0 0 2 -0.0319995843
2 0 1 0 0.2433163077
2 0 1 1 0.1689988226
2 0 1 2 0.0167611986
2 0 2 0 0.2316951901
2 0 2 1 -0.1515150517
2 0 2 2 0.2505257428
3 0 0 0 -0.3825691342
3 0 0 1 -0.5083374977
3 0 0 2 -0.7045982480
3 0 1 0 0.5181374550
3 0 1 1 0.1764407456
3 0 1 2 0.3296441436
3 0 2 0 0.2934383452
3 0 2 1 0.0552663468
3 0 2 2 0.2544730604
4 0 0 0 0.4909296334
4 0 0 1 0.3370123208
4 0 0 2 0.1618875265
4 0 1 0 -0.1132323891
4 0 1 1 0.4159767032
4 0 1 2 0.4265569448
4 0 2 0 -0.8987268806
4 0 2 1 -0.4517855644
4 0 2 2 -0.0241448209
5 0 0 0 -0.3327236176
5 0 0 1 0.0696091503
5 0 0 2 0.2982869148
5 0 1 0 0.0070909117
5 0 1 1 0.2928023636
5 0 1 2 0.0400990993
5 0 2 0 0.2735199034
5 0 2 1 -0.1852377951
5 0 2 2 -0.0773691535
6 0 0 0 -0.5713891983
6 0 0 1 -0.0486679003
6 0 0 2 0.0192229562
6 0 1 0 -0.0827250928
6 0 1 1 0.1810933799
6 0 1 2 0.2038062215
6 0 2 0 -0.1719563901
6 0 2 1 0.3660024107
6 0 2 2 0.2368195504
7 0 0 0 -0.5353098512
7 0 0 1 0.0159443635
7 0 0 2 0.5078201890
7 0 1 0 -0.6286960840
7 0 1 1 -0.1578371227
7 0 1 2 0.6818465590
7 0 2 0 -0.5669209957
7 0 2 1 -0.2578121126
7 0 2 2 0.2319629192
