Section 1: Benchmark Configuration
==================================
mode=detailed
suite_tiers=extended
et_mode=paired
reactive_zero_skip=On
proactive_zero_run_skip=On
zero_run_order_mode=execution
bit_column_skip=On
warmup_iterations=0
timed_repetitions=1
grouping_policies=OutputChannelModulo,TaskRoundRobin,ETAwareCostBalanced,ETAwareCostBalancedMemoryAware,BroadcastPhaseAwareFanoutBalanced
scenario_count=17
exactness_pass=PASS
primary_invariants_pass=PASS

Section 2: Detailed Primary Metrics
===================================
scenario | grouping_policy | et_enabled | cycles_mean | wall_median_ms | throughput_macs_per_cycle | lane_occupancy | multiplier_utilization | accumulator_utilization | memory_stall_ratio | broadcast_stall_ratio | dram_bytes | onchip_buffer_bytes | activation_reuse_hits | activation_reuse_misses | weight_reuse_hits | weight_reuse_misses | memory_requests_avoided | work_stealing_events | tasks_terminated_early | output_elements_terminated_early | macs_skipped_total | macs_skipped_et_only | macs_skipped_reactive_only | macs_skipped_proactive_only | macs_skipped_zero_only | bit_steps_skipped_total | bit_steps_skipped_et_only | bit_steps_skipped_bit_column_only | zero_run_events | average_processed_fraction_per_task | mismatches
extended-mnist-sample-0 (label=7) | OutputChannelModulo | Off | 11882.000 | 513.526174 | 0.696852 | 0.266865 | 0.055114 | 0.055114 | 0.660486 | 0.061795 | 25275 | 67570 | 8165 | 115 | 8208 | 72 | 32099 | 994 | 0 | 0 | 48168 | 0 | 1594 | 46574 | 48168 | 42665 | 0 | 42665 | 6054 | 0.146684 | 0
extended-mnist-sample-0 (label=7) | OutputChannelModulo | On | 10020.000 | 484.860750 | 0.517764 | 0.231335 | 0.043336 | 0.043336 | 0.719303 | 0.037700 | 25275 | 62749 | 5756 | 115 | 5799 | 72 | 22466 | 988 | 4204 | 4204 | 50577 | 5302 | 108 | 45167 | 45275 | 73752 | 45696 | 28056 | 5322 | 0.104007 | 0
extended-mnist-sample-0 (label=7) | TaskRoundRobin | Off | 12207.000 | 551.127197 | 0.678299 | 0.259760 | 0.053646 | 0.053646 | 0.692706 | 0.040462 | 25275 | 67858 | 8165 | 115 | 8208 | 72 | 31811 | 11 | 0 | 0 | 48168 | 0 | 1594 | 46574 | 48168 | 42665 | 0 | 42665 | 6054 | 0.146684 | 0
extended-mnist-sample-0 (label=7) | TaskRoundRobin | On | 10232.000 | 461.964240 | 0.507037 | 0.226541 | 0.042438 | 0.042438 | 0.739439 | 0.023923 | 25275 | 63040 | 5756 | 115 | 5799 | 72 | 22175 | 17 | 4204 | 4204 | 50577 | 5302 | 108 | 45167 | 45275 | 73752 | 45696 | 28056 | 5322 | 0.104007 | 0
extended-mnist-sample-0 (label=7) | ETAwareCostBalanced | Off | 11681.000 | 1967.727054 | 0.708843 | 0.271457 | 0.056062 | 0.056062 | 0.646867 | 0.071056 | 25275 | 67725 | 8165 | 115 | 8208 | 72 | 31944 | 2266 | 0 | 0 | 48168 | 0 | 1594 | 46574 | 48168 | 42665 | 0 | 42665 | 6054 | 0.146684 | 0
extended-mnist-sample-0 (label=7) | ETAwareCostBalanced | On | 9882.000 | 1570.217112 | 0.524995 | 0.234565 | 0.043941 | 0.043941 | 0.700336 | 0.054968 | 25275 | 62897 | 5756 | 115 | 5799 | 72 | 22318 | 2970 | 4204 | 4204 | 50577 | 5302 | 108 | 45167 | 45275 | 73752 | 45696 | 28056 | 5322 | 0.104007 | 0
extended-mnist-sample-0 (label=7) | ETAwareCostBalancedMemoryAware | Off | 11746.000 | 4406.857620 | 0.704921 | 0.269955 | 0.055752 | 0.055752 | 0.651163 | 0.077308 | 25275 | 67768 | 8165 | 115 | 8208 | 72 | 31901 | 3889 | 0 | 0 | 48168 | 0 | 1594 | 46574 | 48168 | 42665 | 0 | 42665 | 6054 | 0.146684 | 0
extended-mnist-sample-0 (label=7) | ETAwareCostBalancedMemoryAware | On | 9871.000 | 3813.068203 | 0.525580 | 0.234826 | 0.043990 | 0.043990 | 0.707862 | 0.055437 | 25275 | 62906 | 5756 | 115 | 5799 | 72 | 22309 | 4594 | 4204 | 4204 | 50577 | 5302 | 108 | 45167 | 45275 | 73752 | 45696 | 28056 | 5322 | 0.104007 | 0
extended-mnist-sample-0 (label=7) | BroadcastPhaseAwareFanoutBalanced | Off | 11600.000 | 841.651244 | 0.713793 | 0.273352 | 0.056454 | 0.056454 | 0.652783 | 0.072270 | 25275 | 67648 | 8165 | 115 | 8208 | 72 | 32021 | 1102 | 0 | 0 | 48168 | 0 | 1594 | 46574 | 48168 | 42665 | 0 | 42665 | 6054 | 0.146684 | 0
extended-mnist-sample-0 (label=7) | BroadcastPhaseAwareFanoutBalanced | On | 9830.000 | 691.990091 | 0.527772 | 0.235806 | 0.044173 | 0.044173 | 0.703529 | 0.052331 | 25275 | 62815 | 5756 | 115 | 5799 | 72 | 22400 | 898 | 4204 | 4204 | 50577 | 5302 | 108 | 45167 | 45275 | 73752 | 45696 | 28056 | 5322 | 0.104007 | 0
extended-mnist-sample-1 (label=2) | OutputChannelModulo | Off | 14443.000 | 618.100932 | 0.822544 | 0.287298 | 0.065055 | 0.065055 | 0.625409 | 0.081850 | 25325 | 75185 | 11715 | 165 | 11808 | 72 | 46034 | 1032 | 0 | 0 | 44568 | 0 | 2034 | 42534 | 44568 | 61215 | 0 | 61215 | 5828 | 0.210459 | 0
extended-mnist-sample-1 (label=2) | OutputChannelModulo | On | 12003.000 | 513.532018 | 0.626260 | 0.246517 | 0.052306 | 0.052306 | 0.685347 | 0.054352 | 25325 | 68351 | 8277 | 165 | 8370 | 72 | 32240 | 1004 | 4010 | 4010 | 48006 | 7087 | 150 | 40769 | 40919 | 101630 | 61197 | 40433 | 4908 | 0.149554 | 0
extended-mnist-sample-1 (label=2) | TaskRoundRobin | Off | 17016.000 | 645.499390 | 0.698166 | 0.243855 | 0.055218 | 0.055218 | 0.721659 | 0.026091 | 25325 | 82265 | 11715 | 165 | 11808 | 72 | 38954 | 73 | 0 | 0 | 44568 | 0 | 2034 | 42534 | 44568 | 61215 | 0 | 61215 | 5828 | 0.210459 | 0
extended-mnist-sample-1 (label=2) | TaskRoundRobin | On | 12801.000 | 550.810630 | 0.587220 | 0.231149 | 0.049046 | 0.049046 | 0.730492 | 0.031378 | 25325 | 70688 | 8277 | 165 | 8370 | 72 | 29903 | 47 | 4010 | 4010 | 48006 | 7087 | 150 | 40769 | 40919 | 101630 | 61197 | 40433 | 4908 | 0.149554 | 0
extended-mnist-sample-1 (label=2) | ETAwareCostBalanced | Off | 15208.000 | 1647.792022 | 0.781168 | 0.272846 | 0.061782 | 0.061782 | 0.647662 | 0.071837 | 25325 | 76878 | 11715 | 165 | 11808 | 72 | 44341 | 2367 | 0 | 0 | 44568 | 0 | 2034 | 42534 | 44568 | 61215 | 0 | 61215 | 5828 | 0.210459 | 0
extended-mnist-sample-1 (label=2) | ETAwareCostBalanced | On | 12092.000 | 1819.445495 | 0.621651 | 0.244703 | 0.051921 | 0.051921 | 0.692501 | 0.060704 | 25325 | 69195 | 8277 | 165 | 8370 | 72 | 31396 | 2854 | 4010 | 4010 | 48006 | 7087 | 150 | 40769 | 40919 | 101630 | 61197 | 40433 | 4908 | 0.149554 | 0
extended-mnist-sample-1 (label=2) | ETAwareCostBalancedMemoryAware | Off | 15083.000 | 4157.357677 | 0.787642 | 0.275107 | 0.062294 | 0.062294 | 0.634587 | 0.081967 | 25325 | 76669 | 11715 | 165 | 11808 | 72 | 44550 | 5089 | 0 | 0 | 44568 | 0 | 2034 | 42534 | 44568 | 61215 | 0 | 61215 | 5828 | 0.210459 | 0
extended-mnist-sample-1 (label=2) | ETAwareCostBalancedMemoryAware | On | 12251.000 | 4279.099077 | 0.613583 | 0.241527 | 0.051248 | 0.051248 | 0.691848 | 0.061317 | 25325 | 69207 | 8277 | 165 | 8370 | 72 | 31384 | 5048 | 4010 | 4010 | 48006 | 7087 | 150 | 40769 | 40919 | 101630 | 61197 | 40433 | 4908 | 0.149554 | 0
extended-mnist-sample-1 (label=2) | BroadcastPhaseAwareFanoutBalanced | Off | 14699.000 | 836.973275 | 0.808218 | 0.282294 | 0.063922 | 0.063922 | 0.635397 | 0.081050 | 25325 | 75971 | 11715 | 165 | 11808 | 72 | 45248 | 1172 | 0 | 0 | 44568 | 0 | 2034 | 42534 | 44568 | 61215 | 0 | 61215 | 5828 | 0.210459 | 0
extended-mnist-sample-1 (label=2) | BroadcastPhaseAwareFanoutBalanced | On | 11994.000 | 700.496745 | 0.626730 | 0.246702 | 0.052346 | 0.052346 | 0.691973 | 0.056255 | 25325 | 68886 | 8277 | 165 | 8370 | 72 | 31705 | 1132 | 4010 | 4010 | 48006 | 7087 | 150 | 40769 | 40919 | 101630 | 61197 | 40433 | 4908 | 0.149554 | 0
extended-mnist-sample-1038 (label=1) | OutputChannelModulo | Off | 8275.000 | 443.074525 | 0.391541 | 0.216408 | 0.030967 | 0.030967 | 0.757640 | 0.013914 | 25205 | 57070 | 3195 | 45 | 3168 | 72 | 12429 | 998 | 0 | 0 | 53208 | 0 | 834 | 52374 | 53208 | 16695 | 0 | 16695 | 6332 | 0.057398 | 0
extended-mnist-sample-1038 (label=1) | OutputChannelModulo | On | 7472.000 | 399.105030 | 0.275696 | 0.194050 | 0.023231 | 0.023231 | 0.783016 | 0.006632 | 25205 | 55319 | 2323 | 45 | 2296 | 72 | 8948 | 1000 | 4450 | 4450 | 54080 | 2430 | 24 | 51626 | 51650 | 32135 | 20937 | 11198 | 5936 | 0.041950 | 0
extended-mnist-sample-1038 (label=1) | TaskRoundRobin | Off | 8272.000 | 479.628481 | 0.391683 | 0.216487 | 0.030978 | 0.030978 | 0.770770 | 0.005225 | 25205 | 57358 | 3195 | 45 | 3168 | 72 | 12141 | 10 | 0 | 0 | 53208 | 0 | 834 | 52374 | 53208 | 16695 | 0 | 16695 | 6332 | 0.057398 | 0
extended-mnist-sample-1038 (label=1) | TaskRoundRobin | On | 7618.000 | 484.484305 | 0.270412 | 0.190331 | 0.022786 | 0.022786 | 0.794886 | 0.003428 | 25205 | 55605 | 2323 | 45 | 2296 | 72 | 8662 | 55 | 4450 | 4450 | 54080 | 2430 | 24 | 51626 | 51650 | 32135 | 20937 | 11198 | 5936 | 0.041950 | 0
extended-mnist-sample-1038 (label=1) | ETAwareCostBalanced | Off | 7851.000 | 1593.639121 | 0.412686 | 0.228096 | 0.032639 | 0.032639 | 0.732893 | 0.036655 | 25205 | 57176 | 3195 | 45 | 3168 | 72 | 12323 | 2420 | 0 | 0 | 53208 | 0 | 834 | 52374 | 53208 | 16695 | 0 | 16695 | 6332 | 0.057398 | 0
extended-mnist-sample-1038 (label=1) | ETAwareCostBalanced | On | 7366.000 | 1400.607160 | 0.279663 | 0.196843 | 0.023565 | 0.023565 | 0.769851 | 0.024056 | 25205 | 55359 | 2323 | 45 | 2296 | 72 | 8908 | 2525 | 4450 | 4450 | 54080 | 2430 | 24 | 51626 | 51650 | 32135 | 20937 | 11198 | 5936 | 0.041950 | 0
extended-mnist-sample-1038 (label=1) | ETAwareCostBalancedMemoryAware | Off | 7926.000 | 4327.986012 | 0.408781 | 0.225937 | 0.032330 | 0.032330 | 0.720056 | 0.037233 | 25205 | 57175 | 3195 | 45 | 3168 | 72 | 12324 | 4698 | 0 | 0 | 53208 | 0 | 834 | 52374 | 53208 | 16695 | 0 | 16695 | 6332 | 0.057398 | 0
extended-mnist-sample-1038 (label=1) | ETAwareCostBalancedMemoryAware | On | 7463.000 | 4362.118766 | 0.276028 | 0.194284 | 0.023259 | 0.023259 | 0.767304 | 0.023918 | 25205 | 55404 | 2323 | 45 | 2296 | 72 | 8863 | 4700 | 4450 | 4450 | 54080 | 2430 | 24 | 51626 | 51650 | 32135 | 20937 | 11198 | 5936 | 0.041950 | 0
extended-mnist-sample-1038 (label=1) | BroadcastPhaseAwareFanoutBalanced | Off | 8018.000 | 670.018305 | 0.404091 | 0.223345 | 0.031959 | 0.031959 | 0.748119 | 0.026229 | 25205 | 57085 | 3195 | 45 | 3168 | 72 | 12414 | 1009 | 0 | 0 | 53208 | 0 | 834 | 52374 | 53208 | 16695 | 0 | 16695 | 6332 | 0.057398 | 0
extended-mnist-sample-1038 (label=1) | BroadcastPhaseAwareFanoutBalanced | On | 7480.000 | 606.149648 | 0.275401 | 0.193843 | 0.023206 | 0.023206 | 0.770180 | 0.017985 | 25205 | 55334 | 2323 | 45 | 2296 | 72 | 8933 | 943 | 4450 | 4450 | 54080 | 2430 | 24 | 51626 | 51650 | 32135 | 20937 | 11198 | 5936 | 0.041950 | 0
extended-mnist-sample-11 (label=6) | OutputChannelModulo | Off | 15209.000 | 621.279957 | 0.814255 | 0.283421 | 0.064399 | 0.064399 | 0.626179 | 0.084690 | 25332 | 76304 | 12212 | 172 | 12312 | 72 | 47932 | 917 | 0 | 0 | 44064 | 0 | 2491 | 41573 | 44064 | 63812 | 0 | 63812 | 5835 | 0.219388 | 0
extended-mnist-sample-11 (label=6) | OutputChannelModulo | On | 12403.000 | 585.985746 | 0.633879 | 0.246569 | 0.052819 | 0.052819 | 0.684519 | 0.054420 | 25332 | 69231 | 8659 | 172 | 8759 | 72 | 33687 | 1019 | 3932 | 3932 | 47617 | 7495 | 178 | 39944 | 40122 | 107024 | 64750 | 42274 | 4951 | 0.156445 | 0
extended-mnist-sample-11 (label=6) | TaskRoundRobin | Off | 17608.000 | 674.493355 | 0.703317 | 0.244807 | 0.055625 | 0.055625 | 0.719135 | 0.027723 | 25332 | 83625 | 12212 | 172 | 12312 | 72 | 40611 | 72 | 0 | 0 | 44064 | 0 | 2491 | 41573 | 44064 | 63812 | 0 | 63812 | 5835 | 0.219388 | 0
extended-mnist-sample-11 (label=6) | TaskRoundRobin | On | 13274.000 | 612.868628 | 0.592286 | 0.230390 | 0.049353 | 0.049353 | 0.735073 | 0.030693 | 25332 | 71715 | 8659 | 172 | 8759 | 72 | 31203 | 53 | 3932 | 3932 | 47617 | 7495 | 178 | 39944 | 40122 | 107024 | 64750 | 42274 | 4951 | 0.156445 | 0
extended-mnist-sample-11 (label=6) | ETAwareCostBalanced | Off | 15695.000 | 1386.971669 | 0.789041 | 0.274645 | 0.062405 | 0.062405 | 0.643000 | 0.072111 | 25332 | 78103 | 12212 | 172 | 12312 | 72 | 46133 | 1662 | 0 | 0 | 44064 | 0 | 2491 | 41573 | 44064 | 63812 | 0 | 63812 | 5835 | 0.219388 | 0
extended-mnist-sample-11 (label=6) | ETAwareCostBalanced | On | 12637.000 | 2184.474317 | 0.622141 | 0.242003 | 0.051841 | 0.051841 | 0.690866 | 0.057081 | 25332 | 70333 | 8659 | 172 | 8759 | 72 | 32585 | 2668 | 3932 | 3932 | 47617 | 7495 | 178 | 39944 | 40122 | 107024 | 64750 | 42274 | 4951 | 0.156445 | 0
extended-mnist-sample-11 (label=6) | ETAwareCostBalancedMemoryAware | Off | 15835.000 | 4593.990121 | 0.782065 | 0.272217 | 0.061853 | 0.061853 | 0.642169 | 0.074932 | 25332 | 78384 | 12212 | 172 | 12312 | 72 | 45852 | 4432 | 0 | 0 | 44064 | 0 | 2491 | 41573 | 44064 | 63812 | 0 | 63812 | 5835 | 0.219388 | 0
extended-mnist-sample-11 (label=6) | ETAwareCostBalancedMemoryAware | On | 12819.000 | 4581.596135 | 0.613308 | 0.238567 | 0.051105 | 0.051105 | 0.693305 | 0.058292 | 25332 | 70496 | 8659 | 172 | 8759 | 72 | 32422 | 5076 | 3932 | 3932 | 47617 | 7495 | 178 | 39944 | 40122 | 107024 | 64750 | 42274 | 4951 | 0.156445 | 0
extended-mnist-sample-11 (label=6) | BroadcastPhaseAwareFanoutBalanced | Off | 15301.000 | 817.280537 | 0.809359 | 0.281717 | 0.064012 | 0.064012 | 0.635283 | 0.077221 | 25332 | 77162 | 12212 | 172 | 12312 | 72 | 47074 | 823 | 0 | 0 | 44064 | 0 | 2491 | 41573 | 44064 | 63812 | 0 | 63812 | 5835 | 0.219388 | 0
extended-mnist-sample-11 (label=6) | BroadcastPhaseAwareFanoutBalanced | On | 12479.000 | 693.592436 | 0.630018 | 0.245067 | 0.052497 | 0.052497 | 0.688234 | 0.056377 | 25332 | 69959 | 8659 | 172 | 8759 | 72 | 32959 | 1010 | 3932 | 3932 | 47617 | 7495 | 178 | 39944 | 40122 | 107024 | 64750 | 42274 | 4951 | 0.156445 | 0
extended-mnist-sample-18 (label=3) | OutputChannelModulo | Off | 17129.000 | 651.282331 | 0.882714 | 0.293090 | 0.069813 | 0.069813 | 0.604402 | 0.094576 | 25370 | 82158 | 14910 | 210 | 15048 | 72 | 58456 | 946 | 0 | 0 | 41328 | 0 | 2339 | 38989 | 41328 | 77910 | 0 | 77910 | 5539 | 0.267857 | 0
extended-mnist-sample-18 (label=3) | OutputChannelModulo | On | 13877.000 | 553.729841 | 0.700944 | 0.255685 | 0.057755 | 0.057755 | 0.670718 | 0.065460 | 25370 | 73533 | 10571 | 210 | 10709 | 72 | 41047 | 1007 | 3830 | 3830 | 45667 | 8047 | 204 | 37416 | 37620 | 121771 | 69490 | 52281 | 4635 | 0.190990 | 0
extended-mnist-sample-18 (label=3) | TaskRoundRobin | Off | 20058.000 | 702.957785 | 0.753814 | 0.250291 | 0.059619 | 0.059619 | 0.711046 | 0.030721 | 25370 | 90922 | 14910 | 210 | 15048 | 72 | 49692 | 63 | 0 | 0 | 41328 | 0 | 2339 | 38989 | 41328 | 77910 | 0 | 77910 | 5539 | 0.267857 | 0
extended-mnist-sample-18 (label=3) | TaskRoundRobin | On | 15518.000 | 687.315940 | 0.626820 | 0.228647 | 0.051648 | 0.051648 | 0.737106 | 0.025363 | 25370 | 78564 | 10571 | 210 | 10709 | 72 | 36016 | 60 | 3830 | 3830 | 45667 | 8047 | 204 | 37416 | 37620 | 121771 | 69490 | 52281 | 4635 | 0.190990 | 0
extended-mnist-sample-18 (label=3) | ETAwareCostBalanced | Off | 18241.000 | 1407.483705 | 0.828902 | 0.275222 | 0.065557 | 0.065557 | 0.644007 | 0.073749 | 25370 | 84987 | 14910 | 210 | 15048 | 72 | 55627 | 1585 | 0 | 0 | 41328 | 0 | 2339 | 38989 | 41328 | 77910 | 0 | 77910 | 5539 | 0.267857 | 0
extended-mnist-sample-18 (label=3) | ETAwareCostBalanced | On | 14465.000 | 1616.414315 | 0.672451 | 0.245291 | 0.055408 | 0.055408 | 0.690064 | 0.056452 | 25370 | 75614 | 10571 | 210 | 10709 | 72 | 38966 | 2452 | 3830 | 3830 | 45667 | 8047 | 204 | 37416 | 37620 | 121771 | 69490 | 52281 | 4635 | 0.190990 | 0
extended-mnist-sample-18 (label=3) | ETAwareCostBalancedMemoryAware | Off | 18288.000 | 2269.691686 | 0.826772 | 0.274515 | 0.065389 | 0.065389 | 0.651962 | 0.072511 | 25370 | 85281 | 14910 | 210 | 15048 | 72 | 55333 | 2248 | 0 | 0 | 41328 | 0 | 2339 | 38989 | 41328 | 77910 | 0 | 77910 | 5539 | 0.267857 | 0
extended-mnist-sample-18 (label=3) | ETAwareCostBalancedMemoryAware | On | 14444.000 | 3007.714602 | 0.673428 | 0.245648 | 0.055488 | 0.055488 | 0.680544 | 0.061990 | 25370 | 75294 | 10571 | 210 | 10709 | 72 | 39286 | 4581 | 3830 | 3830 | 45667 | 8047 | 204 | 37416 | 37620 | 121771 | 69490 | 52281 | 4635 | 0.190990 | 0
extended-mnist-sample-18 (label=3) | BroadcastPhaseAwareFanoutBalanced | Off | 17606.000 | 845.194768 | 0.858798 | 0.285149 | 0.067922 | 0.067922 | 0.623856 | 0.085190 | 25370 | 83439 | 14910 | 210 | 15048 | 72 | 57175 | 510 | 0 | 0 | 41328 | 0 | 2339 | 38989 | 41328 | 77910 | 0 | 77910 | 5539 | 0.267857 | 0
extended-mnist-sample-18 (label=3) | BroadcastPhaseAwareFanoutBalanced | On | 14077.000 | 797.348140 | 0.690985 | 0.252052 | 0.056935 | 0.056935 | 0.683025 | 0.060469 | 25370 | 74620 | 10571 | 210 | 10709 | 72 | 39960 | 960 | 3830 | 3830 | 45667 | 8047 | 204 | 37416 | 37620 | 121771 | 69490 | 52281 | 4635 | 0.190990 | 0
extended-mnist-sample-2 (label=1) | OutputChannelModulo | Off | 9372.000 | 506.418974 | 0.491677 | 0.230735 | 0.038887 | 0.038887 | 0.728761 | 0.026847 | 25224 | 59920 | 4544 | 64 | 4536 | 72 | 17768 | 985 | 0 | 0 | 51840 | 0 | 1011 | 50829 | 51840 | 23744 | 0 | 23744 | 6233 | 0.081633 | 0
extended-mnist-sample-2 (label=1) | OutputChannelModulo | On | 8197.000 | 409.218028 | 0.360132 | 0.206935 | 0.030228 | 0.030228 | 0.761193 | 0.014107 | 25224 | 57389 | 3279 | 64 | 3271 | 72 | 12709 | 1023 | 4372 | 4372 | 53105 | 3090 | 62 | 49953 | 50015 | 42544 | 26610 | 15934 | 5773 | 0.059223 | 0
extended-mnist-sample-2 (label=1) | TaskRoundRobin | Off | 9336.000 | 423.049951 | 0.493573 | 0.231624 | 0.039036 | 0.039036 | 0.744775 | 0.013585 | 25224 | 60208 | 4544 | 64 | 4536 | 72 | 17480 | 39 | 0 | 0 | 51840 | 0 | 1011 | 50829 | 51840 | 23744 | 0 | 23744 | 6233 | 0.081633 | 0
extended-mnist-sample-2 (label=1) | TaskRoundRobin | On | 8321.000 | 403.666647 | 0.354765 | 0.203852 | 0.029777 | 0.029777 | 0.780238 | 0.007077 | 25224 | 57678 | 3279 | 64 | 3271 | 72 | 12420 | 22 | 4372 | 4372 | 53105 | 3090 | 62 | 49953 | 50015 | 42544 | 26610 | 15934 | 5773 | 0.059223 | 0
extended-mnist-sample-2 (label=1) | ETAwareCostBalanced | Off | 8896.000 | 1319.202220 | 0.517986 | 0.243081 | 0.040967 | 0.040967 | 0.709682 | 0.043350 | 25224 | 60063 | 4544 | 64 | 4536 | 72 | 17625 | 1943 | 0 | 0 | 51840 | 0 | 1011 | 50829 | 51840 | 23744 | 0 | 23744 | 6233 | 0.081633 | 0
extended-mnist-sample-2 (label=1) | ETAwareCostBalanced | On | 8038.000 | 1320.209284 | 0.367256 | 0.211029 | 0.030826 | 0.030826 | 0.746261 | 0.029361 | 25224 | 57500 | 3279 | 64 | 3271 | 72 | 12598 | 2134 | 4372 | 4372 | 53105 | 3090 | 62 | 49953 | 50015 | 42544 | 26610 | 15934 | 5773 | 0.059223 | 0
extended-mnist-sample-2 (label=1) | ETAwareCostBalancedMemoryAware | Off | 9192.000 | 4517.256713 | 0.501305 | 0.235253 | 0.039648 | 0.039648 | 0.707672 | 0.055063 | 25224 | 60068 | 4544 | 64 | 4536 | 72 | 17620 | 4369 | 0 | 0 | 51840 | 0 | 1011 | 50829 | 51840 | 23744 | 0 | 23744 | 6233 | 0.081633 | 0
extended-mnist-sample-2 (label=1) | ETAwareCostBalancedMemoryAware | On | 8104.000 | 3918.834112 | 0.364265 | 0.209310 | 0.030575 | 0.030575 | 0.733249 | 0.041300 | 25224 | 57533 | 3279 | 64 | 3271 | 72 | 12565 | 4607 | 4372 | 4372 | 53105 | 3090 | 62 | 49953 | 50015 | 42544 | 26610 | 15934 | 5773 | 0.059223 | 0
extended-mnist-sample-2 (label=1) | BroadcastPhaseAwareFanoutBalanced | Off | 8947.000 | 662.637512 | 0.515033 | 0.241695 | 0.040734 | 0.040734 | 0.712772 | 0.043466 | 25224 | 59962 | 4544 | 64 | 4536 | 72 | 17726 | 777 | 0 | 0 | 51840 | 0 | 1011 | 50829 | 51840 | 23744 | 0 | 23744 | 6233 | 0.081633 | 0
extended-mnist-sample-2 (label=1) | BroadcastPhaseAwareFanoutBalanced | On | 8014.000 | 607.192373 | 0.368355 | 0.211661 | 0.030918 | 0.030918 | 0.753321 | 0.029313 | 25224 | 57449 | 3279 | 64 | 3271 | 72 | 12649 | 592 | 4372 | 4372 | 53105 | 3090 | 62 | 49953 | 50015 | 42544 | 26610 | 15934 | 5773 | 0.059223 | 0
extended-mnist-sample-2462 (label=2) | OutputChannelModulo | Off | 22239.000 | 787.286670 | 0.997167 | 0.307365 | 0.078865 | 0.078865 | 0.568827 | 0.117697 | 25468 | 97270 | 21868 | 308 | 22104 | 72 | 85582 | 955 | 0 | 0 | 34272 | 0 | 1860 | 32412 | 34272 | 114268 | 0 | 114268 | 4587 | 0.392857 | 0
extended-mnist-sample-2462 (label=2) | OutputChannelModulo | On | 18688.000 | 687.917627 | 0.855950 | 0.279068 | 0.070281 | 0.070281 | 0.618131 | 0.093025 | 25468 | 87252 | 16832 | 308 | 17068 | 72 | 65384 | 912 | 3464 | 3464 | 39308 | 8190 | 115 | 31003 | 31118 | 155357 | 71097 | 84260 | 3823 | 0.303642 | 0
extended-mnist-sample-2462 (label=2) | TaskRoundRobin | Off | 26388.000 | 910.520159 | 0.840382 | 0.259038 | 0.066465 | 0.066465 | 0.695006 | 0.041719 | 25468 | 109733 | 21868 | 308 | 22104 | 72 | 73119 | 72 | 0 | 0 | 34272 | 0 | 1860 | 32412 | 34272 | 114268 | 0 | 114268 | 4587 | 0.392857 | 0
extended-mnist-sample-2462 (label=2) | TaskRoundRobin | On | 21859.000 | 774.901040 | 0.731781 | 0.238585 | 0.060086 | 0.060086 | 0.723765 | 0.032560 | 25468 | 97054 | 16832 | 308 | 17068 | 72 | 55582 | 66 | 3464 | 3464 | 39308 | 8190 | 115 | 31003 | 31118 | 155357 | 71097 | 84260 | 3823 | 0.303642 | 0
extended-mnist-sample-2462 (label=2) | ETAwareCostBalanced | Off | 23979.000 | 1550.696321 | 0.924809 | 0.285062 | 0.073143 | 0.073143 | 0.623166 | 0.088432 | 25468 | 101376 | 21868 | 308 | 22104 | 72 | 81476 | 1531 | 0 | 0 | 34272 | 0 | 1860 | 32412 | 34272 | 114268 | 0 | 114268 | 4587 | 0.392857 | 0
extended-mnist-sample-2462 (label=2) | ETAwareCostBalanced | On | 19895.000 | 1508.394869 | 0.804021 | 0.262137 | 0.066017 | 0.066017 | 0.658523 | 0.072479 | 25468 | 90715 | 16832 | 308 | 17068 | 72 | 61921 | 2109 | 3464 | 3464 | 39308 | 8190 | 115 | 31003 | 31118 | 155357 | 71097 | 84260 | 3823 | 0.303642 | 0
extended-mnist-sample-2462 (label=2) | ETAwareCostBalancedMemoryAware | Off | 24100.000 | 4586.212606 | 0.920166 | 0.283631 | 0.072775 | 0.072775 | 0.627419 | 0.082585 | 25468 | 102258 | 21868 | 308 | 22104 | 72 | 80594 | 4528 | 0 | 0 | 34272 | 0 | 1860 | 32412 | 34272 | 114268 | 0 | 114268 | 4587 | 0.392857 | 0
extended-mnist-sample-2462 (label=2) | ETAwareCostBalancedMemoryAware | On | 19691.000 | 4491.375862 | 0.812351 | 0.264853 | 0.066701 | 0.066701 | 0.649064 | 0.079077 | 25468 | 90337 | 16832 | 308 | 17068 | 72 | 62299 | 4864 | 3464 | 3464 | 39308 | 8190 | 115 | 31003 | 31118 | 155357 | 71097 | 84260 | 3823 | 0.303642 | 0
extended-mnist-sample-2462 (label=2) | BroadcastPhaseAwareFanoutBalanced | Off | 23075.000 | 1142.228937 | 0.961040 | 0.296230 | 0.076008 | 0.076008 | 0.600959 | 0.101169 | 25468 | 99262 | 21868 | 308 | 22104 | 72 | 83590 | 885 | 0 | 0 | 34272 | 0 | 1860 | 32412 | 34272 | 114268 | 0 | 114268 | 4587 | 0.392857 | 0
extended-mnist-sample-2462 (label=2) | BroadcastPhaseAwareFanoutBalanced | On | 18977.000 | 1046.468497 | 0.842915 | 0.274818 | 0.069211 | 0.069211 | 0.631329 | 0.088064 | 25468 | 88196 | 16832 | 308 | 17068 | 72 | 64440 | 1543 | 3464 | 3464 | 39308 | 8190 | 115 | 31003 | 31118 | 155357 | 71097 | 84260 | 3823 | 0.303642 | 0
extended-mnist-sample-2827 (label=1) | OutputChannelModulo | Off | 8220.000 | 431.286072 | 0.385401 | 0.215511 | 0.030481 | 0.030481 | 0.757377 | 0.014078 | 25204 | 56920 | 3124 | 44 | 3096 | 72 | 12148 | 968 | 0 | 0 | 53280 | 0 | 829 | 52451 | 53280 | 16324 | 0 | 16324 | 6338 | 0.056122 | 0
extended-mnist-sample-2827 (label=1) | OutputChannelModulo | On | 7362.000 | 456.533338 | 0.263108 | 0.192584 | 0.022299 | 0.022299 | 0.789093 | 0.006373 | 25204 | 55084 | 2209 | 44 | 2181 | 72 | 8494 | 1001 | 4463 | 4463 | 54195 | 2499 | 7 | 51689 | 51696 | 32106 | 21565 | 10541 | 5943 | 0.039913 | 0
extended-mnist-sample-2827 (label=1) | TaskRoundRobin | Off | 8241.000 | 478.221845 | 0.384419 | 0.214962 | 0.030404 | 0.030404 | 0.771886 | 0.005312 | 25204 | 57208 | 3124 | 44 | 3096 | 72 | 11860 | 32 | 0 | 0 | 53280 | 0 | 829 | 52451 | 53280 | 16324 | 0 | 16324 | 6338 | 0.056122 | 0
extended-mnist-sample-2827 (label=1) | TaskRoundRobin | On | 7554.000 | 407.253641 | 0.256420 | 0.187689 | 0.021732 | 0.021732 | 0.796465 | 0.002982 | 25204 | 55344 | 2209 | 44 | 2181 | 72 | 8234 | 50 | 4463 | 4463 | 54195 | 2499 | 7 | 51689 | 51696 | 32106 | 21565 | 10541 | 5943 | 0.039913 | 0
extended-mnist-sample-2827 (label=1) | ETAwareCostBalanced | Off | 7803.000 | 1168.773974 | 0.405998 | 0.227028 | 0.032110 | 0.032110 | 0.738238 | 0.028500 | 25204 | 57018 | 3124 | 44 | 3096 | 72 | 12050 | 1947 | 0 | 0 | 53280 | 0 | 829 | 52451 | 53280 | 16324 | 0 | 16324 | 6338 | 0.056122 | 0
extended-mnist-sample-2827 (label=1) | ETAwareCostBalanced | On | 7267.000 | 1270.094549 | 0.266547 | 0.195102 | 0.022591 | 0.022591 | 0.778630 | 0.019842 | 25204 | 55119 | 2209 | 44 | 2181 | 72 | 8459 | 2243 | 4463 | 4463 | 54195 | 2499 | 7 | 51689 | 51696 | 32106 | 21565 | 10541 | 5943 | 0.039913 | 0
extended-mnist-sample-2827 (label=1) | ETAwareCostBalancedMemoryAware | Off | 7836.000 | 2350.223637 | 0.404288 | 0.226072 | 0.031975 | 0.031975 | 0.731028 | 0.034793 | 25204 | 56999 | 3124 | 44 | 3096 | 72 | 12069 | 3147 | 0 | 0 | 53280 | 0 | 829 | 52451 | 53280 | 16324 | 0 | 16324 | 6338 | 0.056122 | 0
extended-mnist-sample-2827 (label=1) | ETAwareCostBalancedMemoryAware | On | 7231.000 | 2152.565545 | 0.267874 | 0.196073 | 0.022703 | 0.022703 | 0.765427 | 0.024002 | 25204 | 55083 | 2209 | 44 | 2181 | 72 | 8495 | 3338 | 4463 | 4463 | 54195 | 2499 | 7 | 51689 | 51696 | 32106 | 21565 | 10541 | 5943 | 0.039913 | 0
extended-mnist-sample-2827 (label=1) | BroadcastPhaseAwareFanoutBalanced | Off | 7868.000 | 601.892984 | 0.402644 | 0.225153 | 0.031845 | 0.031845 | 0.740478 | 0.027008 | 25204 | 56948 | 3124 | 44 | 3096 | 72 | 12120 | 567 | 0 | 0 | 53280 | 0 | 829 | 52451 | 53280 | 16324 | 0 | 16324 | 6338 | 0.056122 | 0
extended-mnist-sample-2827 (label=1) | BroadcastPhaseAwareFanoutBalanced | On | 7288.000 | 614.942988 | 0.265779 | 0.194540 | 0.022526 | 0.022526 | 0.775464 | 0.017296 | 25204 | 55106 | 2209 | 44 | 2181 | 72 | 8472 | 554 | 4463 | 4463 | 54195 | 2499 | 7 | 51689 | 51696 | 32106 | 21565 | 10541 | 5943 | 0.039913 | 0
extended-mnist-sample-3 (label=0) | OutputChannelModulo | Off | 16079.000 | 656.270422 | 0.864233 | 0.290099 | 0.068352 | 0.068352 | 0.609017 | 0.093894 | 25353 | 79552 | 13703 | 193 | 13824 | 72 | 53735 | 952 | 0 | 0 | 42552 | 0 | 1880 | 40672 | 42552 | 71603 | 0 | 71603 | 5509 | 0.246173 | 0
extended-mnist-sample-3 (label=0) | OutputChannelModulo | On | 13523.000 | 572.753307 | 0.698144 | 0.255914 | 0.057659 | 0.057659 | 0.661815 | 0.068098 | 25353 | 72431 | 10145 | 193 | 10266 | 72 | 39508 | 990 | 3872 | 3872 | 46110 | 6760 | 131 | 39219 | 39350 | 108714 | 58436 | 50278 | 4744 | 0.183142 | 0
extended-mnist-sample-3 (label=0) | TaskRoundRobin | Off | 18928.000 | 695.243362 | 0.734150 | 0.246434 | 0.058064 | 0.058064 | 0.714760 | 0.029938 | 25353 | 87658 | 13703 | 193 | 13824 | 72 | 45629 | 62 | 0 | 0 | 42552 | 0 | 1880 | 40672 | 42552 | 71603 | 0 | 71603 | 5509 | 0.246173 | 0
extended-mnist-sample-3 (label=0) | TaskRoundRobin | On | 14865.000 | 628.714284 | 0.635116 | 0.232810 | 0.052454 | 0.052454 | 0.730983 | 0.029633 | 25353 | 76570 | 10145 | 193 | 10266 | 72 | 35369 | 53 | 3872 | 3872 | 46110 | 6760 | 131 | 39219 | 39350 | 108714 | 58436 | 50278 | 4744 | 0.183142 | 0
extended-mnist-sample-3 (label=0) | ETAwareCostBalanced | Off | 16990.000 | 1696.091552 | 0.817893 | 0.274544 | 0.064687 | 0.064687 | 0.642909 | 0.077026 | 25353 | 81851 | 13703 | 193 | 13824 | 72 | 51436 | 2304 | 0 | 0 | 42552 | 0 | 1880 | 40672 | 42552 | 71603 | 0 | 71603 | 5509 | 0.246173 | 0
extended-mnist-sample-3 (label=0) | ETAwareCostBalanced | On | 13960.000 | 1927.671929 | 0.676289 | 0.247903 | 0.055854 | 0.055854 | 0.684004 | 0.065105 | 25353 | 74114 | 10145 | 193 | 10266 | 72 | 37825 | 3016 | 3872 | 3872 | 46110 | 6760 | 131 | 39219 | 39350 | 108714 | 58436 | 50278 | 4744 | 0.183142 | 0
extended-mnist-sample-3 (label=0) | ETAwareCostBalancedMemoryAware | Off | 16994.000 | 3656.361808 | 0.817700 | 0.274479 | 0.064672 | 0.064672 | 0.639365 | 0.078467 | 25353 | 81941 | 13703 | 193 | 13824 | 72 | 51346 | 4472 | 0 | 0 | 42552 | 0 | 1880 | 40672 | 42552 | 71603 | 0 | 71603 | 5509 | 0.246173 | 0
extended-mnist-sample-3 (label=0) | ETAwareCostBalancedMemoryAware | On | 14018.000 | 4325.949680 | 0.673491 | 0.246877 | 0.055623 | 0.055623 | 0.673572 | 0.066270 | 25353 | 73880 | 10145 | 193 | 10266 | 72 | 38059 | 4971 | 3872 | 3872 | 46110 | 6760 | 131 | 39219 | 39350 | 108714 | 58436 | 50278 | 4744 | 0.183142 | 0
extended-mnist-sample-3 (label=0) | BroadcastPhaseAwareFanoutBalanced | Off | 16379.000 | 841.249026 | 0.848403 | 0.284785 | 0.067100 | 0.067100 | 0.627340 | 0.085234 | 25353 | 80514 | 13703 | 193 | 13824 | 72 | 52773 | 539 | 0 | 0 | 42552 | 0 | 1880 | 40672 | 42552 | 71603 | 0 | 71603 | 5509 | 0.246173 | 0
extended-mnist-sample-3 (label=0) | BroadcastPhaseAwareFanoutBalanced | On | 13586.000 | 852.611076 | 0.694907 | 0.254727 | 0.057392 | 0.057392 | 0.669588 | 0.065517 | 25353 | 73024 | 10145 | 193 | 10266 | 72 | 38915 | 1258 | 3872 | 3872 | 46110 | 6760 | 131 | 39219 | 39350 | 108714 | 58436 | 50278 | 4744 | 0.183142 | 0
extended-mnist-sample-3768 (label=0) | OutputChannelModulo | Off | 22043.000 | 802.286365 | 0.989702 | 0.306459 | 0.078275 | 0.078275 | 0.570815 | 0.117106 | 25463 | 96477 | 21513 | 303 | 21744 | 72 | 84220 | 956 | 0 | 0 | 34632 | 0 | 2045 | 32587 | 34632 | 112413 | 0 | 112413 | 4698 | 0.386480 | 0
extended-mnist-sample-3768 (label=0) | OutputChannelModulo | On | 18463.000 | 675.598741 | 0.847641 | 0.277721 | 0.069615 | 0.069615 | 0.618471 | 0.094313 | 25463 | 86457 | 16517 | 303 | 16748 | 72 | 64264 | 923 | 3442 | 3442 | 39628 | 8351 | 132 | 31145 | 31277 | 155097 | 72518 | 82579 | 3889 | 0.297973 | 0
extended-mnist-sample-3768 (label=0) | TaskRoundRobin | Off | 26131.000 | 873.597128 | 0.834870 | 0.258516 | 0.066029 | 0.066029 | 0.693661 | 0.042451 | 25463 | 108769 | 21513 | 303 | 21744 | 72 | 71928 | 60 | 0 | 0 | 34632 | 0 | 2045 | 32587 | 34632 | 112413 | 0 | 112413 | 4698 | 0.386480 | 0
extended-mnist-sample-3768 (label=0) | TaskRoundRobin | On | 21549.000 | 738.527028 | 0.726252 | 0.237949 | 0.059646 | 0.059646 | 0.724385 | 0.031305 | 25463 | 96174 | 16517 | 303 | 16748 | 72 | 54547 | 56 | 3442 | 3442 | 39628 | 8351 | 132 | 31145 | 31277 | 155097 | 72518 | 82579 | 3889 | 0.297973 | 0
extended-mnist-sample-3768 (label=0) | ETAwareCostBalanced | Off | 23729.000 | 1628.880096 | 0.919381 | 0.284684 | 0.072713 | 0.072713 | 0.624227 | 0.084664 | 25463 | 100767 | 21513 | 303 | 21744 | 72 | 79930 | 1511 | 0 | 0 | 34632 | 0 | 2045 | 32587 | 34632 | 112413 | 0 | 112413 | 4698 | 0.386480 | 0
extended-mnist-sample-3768 (label=0) | ETAwareCostBalanced | On | 19569.000 | 1739.847175 | 0.799734 | 0.262024 | 0.065681 | 0.065681 | 0.659768 | 0.072662 | 25463 | 89992 | 16517 | 303 | 16748 | 72 | 60729 | 2490 | 3442 | 3442 | 39628 | 8351 | 132 | 31145 | 31277 | 155097 | 72518 | 82579 | 3889 | 0.297973 | 0
extended-mnist-sample-3768 (label=0) | ETAwareCostBalancedMemoryAware | Off | 23919.000 | 3639.848556 | 0.912078 | 0.282423 | 0.072136 | 0.072136 | 0.625481 | 0.087126 | 25463 | 101013 | 21513 | 303 | 21744 | 72 | 79684 | 4523 | 0 | 0 | 34632 | 0 | 2045 | 32587 | 34632 | 112413 | 0 | 112413 | 4698 | 0.386480 | 0
extended-mnist-sample-3768 (label=0) | ETAwareCostBalancedMemoryAware | On | 19492.000 | 4188.287099 | 0.802893 | 0.263059 | 0.065940 | 0.065940 | 0.657042 | 0.073580 | 25463 | 89991 | 16517 | 303 | 16748 | 72 | 60730 | 4973 | 3442 | 3442 | 39628 | 8351 | 132 | 31145 | 31277 | 155097 | 72518 | 82579 | 3889 | 0.297973 | 0
extended-mnist-sample-3768 (label=0) | BroadcastPhaseAwareFanoutBalanced | Off | 22844.000 | 1061.154700 | 0.954999 | 0.295713 | 0.075530 | 0.075530 | 0.596474 | 0.102688 | 25463 | 98219 | 21513 | 303 | 21744 | 72 | 82478 | 1092 | 0 | 0 | 34632 | 0 | 2045 | 32587 | 34632 | 112413 | 0 | 112413 | 4698 | 0.386480 | 0
extended-mnist-sample-3768 (label=0) | BroadcastPhaseAwareFanoutBalanced | On | 18774.000 | 1134.149863 | 0.833600 | 0.273120 | 0.068462 | 0.068462 | 0.633704 | 0.088675 | 25463 | 87583 | 16517 | 303 | 16748 | 72 | 63138 | 1514 | 3442 | 3442 | 39628 | 8351 | 132 | 31145 | 31277 | 155097 | 72518 | 82579 | 3889 | 0.297973 | 0
extended-mnist-sample-4 (label=4) | OutputChannelModulo | Off | 12475.000 | 542.960795 | 0.692585 | 0.263104 | 0.054776 | 0.054776 | 0.667853 | 0.058617 | 25280 | 68320 | 8520 | 120 | 8568 | 72 | 33504 | 955 | 0 | 0 | 47808 | 0 | 1795 | 46013 | 47808 | 44520 | 0 | 44520 | 6117 | 0.153061 | 0
extended-mnist-sample-4 (label=4) | OutputChannelModulo | On | 10488.000 | 494.698438 | 0.535278 | 0.231881 | 0.044612 | 0.044612 | 0.716311 | 0.038896 | 25280 | 63676 | 6199 | 120 | 6247 | 72 | 24222 | 997 | 4110 | 4110 | 50129 | 5586 | 116 | 44427 | 44543 | 78396 | 48149 | 30247 | 5323 | 0.111944 | 0
extended-mnist-sample-4 (label=4) | TaskRoundRobin | Off | 12490.000 | 574.374327 | 0.691753 | 0.262788 | 0.054710 | 0.054710 | 0.683727 | 0.047522 | 25280 | 68608 | 8520 | 120 | 8568 | 72 | 33216 | 40 | 0 | 0 | 47808 | 0 | 1795 | 46013 | 47808 | 44520 | 0 | 44520 | 6117 | 0.153061 | 0
extended-mnist-sample-4 (label=4) | TaskRoundRobin | On | 10546.000 | 512.823150 | 0.532335 | 0.230606 | 0.044366 | 0.044366 | 0.731676 | 0.028626 | 25280 | 63966 | 6199 | 120 | 6247 | 72 | 23932 | 30 | 4110 | 4110 | 50129 | 5586 | 116 | 44427 | 44543 | 78396 | 48149 | 30247 | 5323 | 0.111944 | 0
extended-mnist-sample-4 (label=4) | ETAwareCostBalanced | Off | 12020.000 | 1517.188442 | 0.718802 | 0.273063 | 0.056850 | 0.056850 | 0.646931 | 0.072236 | 25280 | 68520 | 8520 | 120 | 8568 | 72 | 33304 | 2184 | 0 | 0 | 47808 | 0 | 1795 | 46013 | 47808 | 44520 | 0 | 44520 | 6117 | 0.153061 | 0
extended-mnist-sample-4 (label=4) | ETAwareCostBalanced | On | 10188.000 | 1687.397123 | 0.551040 | 0.238709 | 0.045925 | 0.045925 | 0.697844 | 0.056240 | 25280 | 63845 | 6199 | 120 | 6247 | 72 | 24053 | 2840 | 4110 | 4110 | 50129 | 5586 | 116 | 44427 | 44543 | 78396 | 48149 | 30247 | 5323 | 0.111944 | 0
extended-mnist-sample-4 (label=4) | ETAwareCostBalancedMemoryAware | Off | 11989.000 | 5058.080783 | 0.720661 | 0.273769 | 0.056997 | 0.056997 | 0.643648 | 0.081040 | 25280 | 68489 | 8520 | 120 | 8568 | 72 | 33335 | 4408 | 0 | 0 | 47808 | 0 | 1795 | 46013 | 47808 | 44520 | 0 | 44520 | 6117 | 0.153061 | 0
extended-mnist-sample-4 (label=4) | ETAwareCostBalancedMemoryAware | On | 10194.000 | 4265.155746 | 0.550716 | 0.238569 | 0.045898 | 0.045898 | 0.688698 | 0.064864 | 25280 | 63809 | 6199 | 120 | 6247 | 72 | 24089 | 4365 | 4110 | 4110 | 50129 | 5586 | 116 | 44427 | 44543 | 78396 | 48149 | 30247 | 5323 | 0.111944 | 0
extended-mnist-sample-4 (label=4) | BroadcastPhaseAwareFanoutBalanced | Off | 12019.000 | 703.151894 | 0.718862 | 0.273086 | 0.056854 | 0.056854 | 0.652497 | 0.069318 | 25280 | 68399 | 8520 | 120 | 8568 | 72 | 33425 | 565 | 0 | 0 | 47808 | 0 | 1795 | 46013 | 47808 | 44520 | 0 | 44520 | 6117 | 0.153061 | 0
extended-mnist-sample-4 (label=4) | BroadcastPhaseAwareFanoutBalanced | On | 10187.000 | 655.570647 | 0.551095 | 0.238733 | 0.045930 | 0.045930 | 0.698895 | 0.051877 | 25280 | 63750 | 6199 | 120 | 6247 | 72 | 24148 | 445 | 4110 | 4110 | 50129 | 5586 | 116 | 44427 | 44543 | 78396 | 48149 | 30247 | 5323 | 0.111944 | 0
extended-mnist-sample-61 (label=8) | OutputChannelModulo | Off | 15651.000 | 668.980891 | 0.841863 | 0.285970 | 0.066583 | 0.066583 | 0.610719 | 0.094886 | 25343 | 77954 | 12993 | 183 | 13104 | 72 | 51023 | 975 | 0 | 0 | 43272 | 0 | 1897 | 41375 | 43272 | 67893 | 0 | 67893 | 5574 | 0.233418 | 0
extended-mnist-sample-61 (label=8) | OutputChannelModulo | On | 12882.000 | 537.985228 | 0.663406 | 0.250235 | 0.054874 | 0.054874 | 0.670751 | 0.063312 | 25343 | 70603 | 9276 | 183 | 9387 | 72 | 36072 | 1013 | 3965 | 3965 | 46989 | 6931 | 159 | 39899 | 40058 | 105672 | 59871 | 45801 | 4791 | 0.167570 | 0
extended-mnist-sample-61 (label=8) | TaskRoundRobin | Off | 18318.000 | 687.521964 | 0.719292 | 0.244335 | 0.056888 | 0.056888 | 0.719682 | 0.031034 | 25343 | 85742 | 12993 | 183 | 13104 | 72 | 43235 | 66 | 0 | 0 | 43272 | 0 | 1897 | 41375 | 43272 | 67893 | 0 | 67893 | 5574 | 0.233418 | 0
extended-mnist-sample-61 (label=8) | TaskRoundRobin | On | 13911.000 | 637.057193 | 0.614334 | 0.231725 | 0.050815 | 0.050815 | 0.726475 | 0.034058 | 25343 | 73392 | 9276 | 183 | 9387 | 72 | 33283 | 45 | 3965 | 3965 | 46989 | 6931 | 159 | 39899 | 40058 | 105672 | 59871 | 45801 | 4791 | 0.167570 | 0
extended-mnist-sample-61 (label=8) | ETAwareCostBalanced | Off | 16261.000 | 1419.354244 | 0.810282 | 0.275243 | 0.064085 | 0.064085 | 0.636480 | 0.080605 | 25343 | 79797 | 12993 | 183 | 13104 | 72 | 49180 | 2228 | 0 | 0 | 43272 | 0 | 1897 | 41375 | 43272 | 67893 | 0 | 67893 | 5574 | 0.233418 | 0
extended-mnist-sample-61 (label=8) | ETAwareCostBalanced | On | 13289.000 | 1753.241172 | 0.643088 | 0.242571 | 0.053194 | 0.053194 | 0.690617 | 0.057872 | 25343 | 72119 | 9276 | 183 | 9387 | 72 | 34556 | 2843 | 3965 | 3965 | 46989 | 6931 | 159 | 39899 | 40058 | 105672 | 59871 | 45801 | 4791 | 0.167570 | 0
extended-mnist-sample-61 (label=8) | ETAwareCostBalancedMemoryAware | Off | 16343.000 | 3985.418563 | 0.806217 | 0.273862 | 0.063763 | 0.063763 | 0.637007 | 0.082621 | 25343 | 80114 | 12993 | 183 | 13104 | 72 | 48863 | 4949 | 0 | 0 | 43272 | 0 | 1897 | 41375 | 43272 | 67893 | 0 | 67893 | 5574 | 0.233418 | 0
extended-mnist-sample-61 (label=8) | ETAwareCostBalancedMemoryAware | On | 13220.000 | 4147.601445 | 0.646445 | 0.243837 | 0.053471 | 0.053471 | 0.684090 | 0.063948 | 25343 | 71842 | 9276 | 183 | 9387 | 72 | 34833 | 5065 | 3965 | 3965 | 46989 | 6931 | 159 | 39899 | 40058 | 105672 | 59871 | 45801 | 4791 | 0.167570 | 0
extended-mnist-sample-61 (label=8) | BroadcastPhaseAwareFanoutBalanced | Off | 15885.000 | 861.997025 | 0.829462 | 0.281758 | 0.065602 | 0.065602 | 0.628832 | 0.082592 | 25343 | 78910 | 12993 | 183 | 13104 | 72 | 50067 | 988 | 0 | 0 | 43272 | 0 | 1897 | 41375 | 43272 | 67893 | 0 | 67893 | 5574 | 0.233418 | 0
extended-mnist-sample-61 (label=8) | BroadcastPhaseAwareFanoutBalanced | On | 12958.000 | 875.700265 | 0.659515 | 0.248767 | 0.054552 | 0.054552 | 0.684957 | 0.061701 | 25343 | 71319 | 9276 | 183 | 9387 | 72 | 35356 | 1306 | 3965 | 3965 | 46989 | 6931 | 159 | 39899 | 40058 | 105672 | 59871 | 45801 | 4791 | 0.167570 | 0
extended-mnist-sample-7 (label=9) | OutputChannelModulo | Off | 12751.000 | 568.126762 | 0.728413 | 0.268537 | 0.057610 | 0.057610 | 0.646954 | 0.070668 | 25289 | 69767 | 9159 | 129 | 9216 | 72 | 35936 | 929 | 0 | 0 | 47160 | 0 | 1466 | 45694 | 47160 | 47859 | 0 | 47859 | 5868 | 0.164541 | 0
extended-mnist-sample-7 (label=9) | OutputChannelModulo | On | 10663.000 | 435.834713 | 0.569727 | 0.238624 | 0.047076 | 0.047076 | 0.706811 | 0.045912 | 25289 | 64545 | 6591 | 129 | 6648 | 72 | 25750 | 994 | 4124 | 4124 | 49728 | 5024 | 157 | 44547 | 44704 | 75881 | 43325 | 32556 | 5258 | 0.119048 | 0
extended-mnist-sample-7 (label=9) | TaskRoundRobin | Off | 12948.000 | 567.208412 | 0.717331 | 0.264451 | 0.056733 | 0.056733 | 0.673600 | 0.053382 | 25289 | 70061 | 9159 | 129 | 9216 | 72 | 35642 | 29 | 0 | 0 | 47160 | 0 | 1466 | 45694 | 47160 | 47859 | 0 | 47859 | 5868 | 0.164541 | 0
extended-mnist-sample-7 (label=9) | TaskRoundRobin | On | 10926.000 | 520.209570 | 0.556013 | 0.232880 | 0.045943 | 0.045943 | 0.724826 | 0.032674 | 25289 | 64909 | 6591 | 129 | 6648 | 72 | 25386 | 53 | 4124 | 4124 | 49728 | 5024 | 157 | 44547 | 44704 | 75881 | 43325 | 32556 | 5258 | 0.119048 | 0
extended-mnist-sample-7 (label=9) | ETAwareCostBalanced | Off | 12399.000 | 1569.724864 | 0.749093 | 0.276160 | 0.059245 | 0.059245 | 0.638257 | 0.082455 | 25289 | 69895 | 9159 | 129 | 9216 | 72 | 35808 | 2017 | 0 | 0 | 47160 | 0 | 1466 | 45694 | 47160 | 47859 | 0 | 47859 | 5868 | 0.164541 | 0
extended-mnist-sample-7 (label=9) | ETAwareCostBalanced | On | 10577.000 | 1609.643272 | 0.574359 | 0.240564 | 0.047459 | 0.047459 | 0.684286 | 0.060031 | 25289 | 64700 | 6591 | 129 | 6648 | 72 | 25595 | 2414 | 4124 | 4124 | 49728 | 5024 | 157 | 44547 | 44704 | 75881 | 43325 | 32556 | 5258 | 0.119048 | 0
extended-mnist-sample-7 (label=9) | ETAwareCostBalancedMemoryAware | Off | 12565.000 | 4146.343866 | 0.739196 | 0.272512 | 0.058463 | 0.058463 | 0.641314 | 0.084702 | 25289 | 69898 | 9159 | 129 | 9216 | 72 | 35805 | 3478 | 0 | 0 | 47160 | 0 | 1466 | 45694 | 47160 | 47859 | 0 | 47859 | 5868 | 0.164541 | 0
extended-mnist-sample-7 (label=9) | ETAwareCostBalancedMemoryAware | On | 10581.000 | 4109.667278 | 0.574142 | 0.240473 | 0.047441 | 0.047441 | 0.677929 | 0.067632 | 25289 | 64764 | 6591 | 129 | 6648 | 72 | 25531 | 4199 | 4124 | 4124 | 49728 | 5024 | 157 | 44547 | 44704 | 75881 | 43325 | 32556 | 5258 | 0.119048 | 0
extended-mnist-sample-7 (label=9) | BroadcastPhaseAwareFanoutBalanced | Off | 12451.000 | 822.992904 | 0.745964 | 0.275007 | 0.058998 | 0.058998 | 0.644892 | 0.075804 | 25289 | 69776 | 9159 | 129 | 9216 | 72 | 35927 | 639 | 0 | 0 | 47160 | 0 | 1466 | 45694 | 47160 | 47859 | 0 | 47859 | 5868 | 0.164541 | 0
extended-mnist-sample-7 (label=9) | BroadcastPhaseAwareFanoutBalanced | On | 10445.000 | 896.268416 | 0.581618 | 0.243604 | 0.048059 | 0.048059 | 0.694950 | 0.057047 | 25289 | 64605 | 6591 | 129 | 6648 | 72 | 25690 | 1269 | 4124 | 4124 | 49728 | 5024 | 157 | 44547 | 44704 | 75881 | 43325 | 32556 | 5258 | 0.119048 | 0
extended-mnist-sample-8 (label=5) | OutputChannelModulo | Off | 15147.000 | 595.966557 | 0.827094 | 0.284592 | 0.065414 | 0.065414 | 0.619600 | 0.090003 | 25334 | 76564 | 12354 | 174 | 12456 | 72 | 48534 | 1051 | 0 | 0 | 43920 | 0 | 1895 | 42025 | 43920 | 64554 | 0 | 64554 | 5738 | 0.221939 | 0
extended-mnist-sample-8 (label=5) | OutputChannelModulo | On | 12489.000 | 546.905817 | 0.651213 | 0.249362 | 0.054028 | 0.054028 | 0.676349 | 0.063892 | 25334 | 69646 | 8874 | 174 | 8976 | 72 | 34572 | 998 | 3989 | 3989 | 47400 | 6986 | 112 | 40302 | 40414 | 103981 | 60281 | 43700 | 4843 | 0.160289 | 0
extended-mnist-sample-8 (label=5) | TaskRoundRobin | Off | 17676.000 | 659.512963 | 0.708758 | 0.243874 | 0.056055 | 0.056055 | 0.722243 | 0.026304 | 25334 | 84014 | 12354 | 174 | 12456 | 72 | 41084 | 47 | 0 | 0 | 43920 | 0 | 1895 | 42025 | 43920 | 64554 | 0 | 64554 | 5738 | 0.221939 | 0
extended-mnist-sample-8 (label=5) | TaskRoundRobin | On | 13440.000 | 529.335869 | 0.605134 | 0.231717 | 0.050205 | 0.050205 | 0.726999 | 0.031583 | 25334 | 72227 | 8874 | 174 | 8976 | 72 | 31991 | 41 | 3989 | 3989 | 47400 | 6986 | 112 | 40302 | 40414 | 103981 | 60281 | 43700 | 4843 | 0.160289 | 0
extended-mnist-sample-8 (label=5) | ETAwareCostBalanced | Off | 15670.000 | 1608.313809 | 0.799489 | 0.275094 | 0.063231 | 0.063231 | 0.642276 | 0.077663 | 25334 | 78261 | 12354 | 174 | 12456 | 72 | 46837 | 2518 | 0 | 0 | 43920 | 0 | 1895 | 42025 | 43920 | 64554 | 0 | 64554 | 5738 | 0.221939 | 0
extended-mnist-sample-8 (label=5) | ETAwareCostBalanced | On | 12778.000 | 1820.865683 | 0.636485 | 0.243722 | 0.052806 | 0.052806 | 0.685821 | 0.063571 | 25334 | 70723 | 8874 | 174 | 8976 | 72 | 33495 | 2888 | 3989 | 3989 | 47400 | 6986 | 112 | 40302 | 40414 | 103981 | 60281 | 43700 | 4843 | 0.160289 | 0
extended-mnist-sample-8 (label=5) | ETAwareCostBalancedMemoryAware | Off | 15619.000 | 4365.510494 | 0.802100 | 0.275992 | 0.063438 | 0.063438 | 0.636147 | 0.083154 | 25334 | 78157 | 12354 | 174 | 12456 | 72 | 46941 | 4872 | 0 | 0 | 43920 | 0 | 1895 | 42025 | 43920 | 64554 | 0 | 64554 | 5738 | 0.221939 | 0
extended-mnist-sample-8 (label=5) | ETAwareCostBalancedMemoryAware | On | 12993.000 | 4023.713848 | 0.625952 | 0.239689 | 0.051932 | 0.051932 | 0.687545 | 0.060806 | 25334 | 70815 | 8874 | 174 | 8976 | 72 | 33403 | 4806 | 3989 | 3989 | 47400 | 6986 | 112 | 40302 | 40414 | 103981 | 60281 | 43700 | 4843 | 0.160289 | 0
extended-mnist-sample-8 (label=5) | BroadcastPhaseAwareFanoutBalanced | Off | 15267.000 | 975.883327 | 0.820593 | 0.282356 | 0.064900 | 0.064900 | 0.623731 | 0.085146 | 25334 | 77292 | 12354 | 174 | 12456 | 72 | 47806 | 1444 | 0 | 0 | 43920 | 0 | 1895 | 42025 | 43920 | 64554 | 0 | 64554 | 5738 | 0.221939 | 0
extended-mnist-sample-8 (label=5) | BroadcastPhaseAwareFanoutBalanced | On | 12479.000 | 878.460374 | 0.651735 | 0.249561 | 0.054071 | 0.054071 | 0.676383 | 0.063179 | 25334 | 70116 | 8874 | 174 | 8976 | 72 | 34102 | 1254 | 3989 | 3989 | 47400 | 6986 | 112 | 40302 | 40414 | 103981 | 60281 | 43700 | 4843 | 0.160289 | 0
extended-synthetic-memory-pressure-uniform-seed-1 | OutputChannelModulo | Off | 2995931.000 | 65838.927276 | 0.589730 | 0.109371 | 0.020496 | 0.020496 | 0.886308 | 0.003421 | 2502432 | 6635650 | 380403 | 1386387 | 716281 | 1050509 | 1659266 | 1445 | 0 | 0 | 592506 | 0 | 33679 | 558827 | 592506 | 11923756 | 0 | 11923756 | 95827 | 0.748863 | 0
extended-synthetic-memory-pressure-uniform-seed-1 | OutputChannelModulo | On | 2084658.000 | 46426.836314 | 0.572822 | 0.105960 | 0.020215 | 0.020215 | 0.889054 | 0.003470 | 1829101 | 4593833 | 188637 | 1010306 | 445684 | 753259 | 967332 | 1444 | 7969 | 7969 | 1160353 | 855974 | 0 | 304379 | 304379 | 14922254 | 6853652 | 8068602 | 8415 | 0.508178 | 0
extended-synthetic-memory-pressure-uniform-seed-1 | TaskRoundRobin | Off | 3251076.000 | 63282.322496 | 0.543448 | 0.100787 | 0.018887 | 0.018887 | 0.895896 | 0.002396 | 1655989 | 6895594 | 178375 | 1588415 | 1764752 | 2038 | 2245765 | 20 | 0 | 0 | 592506 | 0 | 33679 | 558827 | 592506 | 11923756 | 0 | 11923756 | 95827 | 0.748863 | 0
extended-synthetic-memory-pressure-uniform-seed-1 | TaskRoundRobin | On | 2140643.000 | 44029.198989 | 0.557841 | 0.103189 | 0.019686 | 0.019686 | 0.892655 | 0.002510 | 1204941 | 4649993 | 63884 | 1135059 | 1194597 | 4346 | 1535332 | 56 | 7969 | 7969 | 1160353 | 855974 | 0 | 304379 | 304379 | 14922254 | 6853652 | 8068602 | 8415 | 0.508178 | 0
extended-synthetic-memory-pressure-uniform-seed-1 | ETAwareCostBalanced | Off | 3093540.000 | 66891.380786 | 0.571122 | 0.105920 | 0.019849 | 0.019849 | 0.890672 | 0.002706 | 2531361 | 6733595 | 63057 | 1703733 | 1004698 | 762092 | 1532392 | 1983 | 0 | 0 | 592506 | 0 | 33679 | 558827 | 592506 | 11923756 | 0 | 11923756 | 95827 | 0.748863 | 0
extended-synthetic-memory-pressure-uniform-seed-1 | ETAwareCostBalanced | On | 2133915.000 | 48106.706067 | 0.559600 | 0.103514 | 0.019748 | 0.019748 | 0.892153 | 0.002780 | 1814630 | 4643169 | 45260 | 1153683 | 603532 | 595411 | 932467 | 2233 | 7969 | 7969 | 1160353 | 855974 | 0 | 304379 | 304379 | 14922254 | 6853652 | 8068602 | 8415 | 0.508178 | 0
extended-synthetic-memory-pressure-uniform-seed-1 | ETAwareCostBalancedMemoryAware | Off | 3163302.000 | 84238.944061 | 0.558527 | 0.103584 | 0.019412 | 0.019412 | 0.892981 | 0.002610 | 2687079 | 6807159 | 70489 | 1696301 | 841548 | 925242 | 1303110 | 8562 | 0 | 0 | 592506 | 0 | 33679 | 558827 | 592506 | 11923756 | 0 | 11923756 | 95827 | 0.748863 | 0
extended-synthetic-memory-pressure-uniform-seed-1 | ETAwareCostBalancedMemoryAware | On | 2158770.000 | 61647.619485 | 0.553157 | 0.102322 | 0.019521 | 0.019521 | 0.893855 | 0.002757 | 1870612 | 4669186 | 59060 | 1139883 | 533750 | 665193 | 850468 | 7393 | 7969 | 7969 | 1160353 | 855974 | 0 | 304379 | 304379 | 14922254 | 6853652 | 8068602 | 8415 | 0.508178 | 0
extended-synthetic-memory-pressure-uniform-seed-1 | BroadcastPhaseAwareFanoutBalanced | Off | 3085734.000 | 69902.919717 | 0.572567 | 0.106188 | 0.019899 | 0.019899 | 0.890316 | 0.002862 | 2652142 | 6730277 | 215552 | 1551238 | 731422 | 1035368 | 1414929 | 1684 | 0 | 0 | 592506 | 0 | 33679 | 558827 | 592506 | 11923756 | 0 | 11923756 | 95827 | 0.748863 | 0
extended-synthetic-memory-pressure-uniform-seed-1 | BroadcastPhaseAwareFanoutBalanced | On | 2096883.000 | 47851.291338 | 0.569483 | 0.105342 | 0.020097 | 0.020097 | 0.890595 | 0.003220 | 1852066 | 4607643 | 136797 | 1062146 | 474559 | 724384 | 930557 | 1654 | 7969 | 7969 | 1160353 | 855974 | 0 | 304379 | 304379 | 14922254 | 6853652 | 8068602 | 8415 | 0.508178 | 0
extended-synthetic-memory-pressure-uniform-seed-13 | OutputChannelModulo | Off | 3046152.000 | 67338.057709 | 0.581319 | 0.108024 | 0.020147 | 0.020147 | 0.887862 | 0.003256 | 2554717 | 6696367 | 388446 | 1382340 | 663945 | 1106841 | 1570240 | 1372 | 0 | 0 | 588510 | 0 | 34842 | 553668 | 588510 | 11956951 | 0 | 11956951 | 93673 | 0.750557 | 0
extended-synthetic-memory-pressure-uniform-seed-13 | OutputChannelModulo | On | 1965929.000 | 46005.090632 | 0.571289 | 0.106265 | 0.020175 | 0.020175 | 0.888434 | 0.003468 | 1767177 | 4334462 | 140530 | 988236 | 415361 | 713405 | 867565 | 1516 | 8868 | 8868 | 1230530 | 962055 | 0 | 268475 | 268475 | 15298723 | 7703408 | 7595315 | 7516 | 0.478433 | 0
extended-synthetic-memory-pressure-uniform-seed-13 | TaskRoundRobin | Off | 3178508.000 | 66857.245735 | 0.557112 | 0.103526 | 0.019308 | 0.019308 | 0.892979 | 0.002466 | 1636400 | 6830545 | 201970 | 1568816 | 1768738 | 2048 | 2354379 | 23 | 0 | 0 | 588510 | 0 | 34842 | 553668 | 588510 | 11956951 | 0 | 11956951 | 93673 | 0.750557 | 0
extended-synthetic-memory-pressure-uniform-seed-13 | TaskRoundRobin | On | 2012177.000 | 44019.241281 | 0.558159 | 0.103823 | 0.019711 | 0.019711 | 0.891921 | 0.002512 | 1155282 | 4381179 | 43789 | 1084977 | 1123997 | 4769 | 1432743 | 75 | 8868 | 8868 | 1230530 | 962055 | 0 | 268475 | 268475 | 15298723 | 7703408 | 7595315 | 7516 | 0.478433 | 0
extended-synthetic-memory-pressure-uniform-seed-13 | ETAwareCostBalanced | Off | 3109544.000 | 70449.579192 | 0.569468 | 0.105822 | 0.019736 | 0.019736 | 0.890672 | 0.002670 | 2553420 | 6759111 | 63748 | 1707038 | 989940 | 780846 | 1508793 | 1898 | 0 | 0 | 588510 | 0 | 34842 | 553668 | 588510 | 11956951 | 0 | 11956951 | 93673 | 0.750557 | 0
extended-synthetic-memory-pressure-uniform-seed-13 | ETAwareCostBalanced | On | 1999248.000 | 45023.693166 | 0.561768 | 0.104494 | 0.019839 | 0.019839 | 0.891108 | 0.002851 | 1677419 | 4368498 | 49653 | 1079113 | 595996 | 532770 | 923287 | 1980 | 8868 | 8868 | 1230530 | 962055 | 0 | 268475 | 268475 | 15298723 | 7703408 | 7595315 | 7516 | 0.478433 | 0
extended-synthetic-memory-pressure-uniform-seed-13 | ETAwareCostBalancedMemoryAware | Off | 3152656.000 | 80518.323246 | 0.561681 | 0.104375 | 0.019466 | 0.019466 | 0.892449 | 0.002644 | 2698847 | 6806002 | 79800 | 1690986 | 828461 | 942325 | 1316475 | 7975 | 0 | 0 | 588510 | 0 | 34842 | 553668 | 588510 | 11956951 | 0 | 11956951 | 93673 | 0.750557 | 0
extended-synthetic-memory-pressure-uniform-seed-13 | ETAwareCostBalancedMemoryAware | On | 2021938.000 | 56441.409292 | 0.555464 | 0.103321 | 0.019616 | 0.019616 | 0.892895 | 0.002787 | 1711444 | 4392202 | 59521 | 1069245 | 552103 | 576663 | 865558 | 7241 | 8868 | 8868 | 1230530 | 962055 | 0 | 268475 | 268475 | 15298723 | 7703408 | 7595315 | 7516 | 0.478433 | 0
extended-synthetic-memory-pressure-uniform-seed-13 | BroadcastPhaseAwareFanoutBalanced | Off | 3089303.000 | 68501.360564 | 0.573199 | 0.106516 | 0.019865 | 0.019865 | 0.890088 | 0.002864 | 2664657 | 6741465 | 225868 | 1544918 | 716583 | 1054203 | 1415202 | 1513 | 0 | 0 | 588510 | 0 | 34842 | 553668 | 588510 | 11956951 | 0 | 11956951 | 93673 | 0.750557 | 0
extended-synthetic-memory-pressure-uniform-seed-13 | BroadcastPhaseAwareFanoutBalanced | On | 1979310.000 | 45216.839822 | 0.567427 | 0.105547 | 0.020038 | 0.020038 | 0.889930 | 0.003156 | 1759409 | 4348662 | 102137 | 1026629 | 461522 | 667244 | 861133 | 1314 | 8868 | 8868 | 1230530 | 962055 | 0 | 268475 | 268475 | 15298723 | 7703408 | 7595315 | 7516 | 0.478433 | 0
extended-synthetic-memory-pressure-uniform-seed-7 | OutputChannelModulo | Off | 3063642.000 | 69303.407514 | 0.582608 | 0.108244 | 0.020122 | 0.020122 | 0.887591 | 0.003300 | 2604994 | 6742175 | 354286 | 1430615 | 676058 | 1108843 | 1558845 | 1407 | 0 | 0 | 574395 | 0 | 34423 | 539972 | 574395 | 12059960 | 0 | 12059960 | 94338 | 0.756540 | 0
extended-synthetic-memory-pressure-uniform-seed-7 | OutputChannelModulo | On | 2129160.000 | 48689.833786 | 0.572140 | 0.105938 | 0.020027 | 0.020027 | 0.888809 | 0.003445 | 1934591 | 4685947 | 135173 | 1087852 | 441822 | 781203 | 914220 | 1229 | 7844 | 7844 | 1136271 | 838375 | 0 | 297896 | 297896 | 14956160 | 6712882 | 8243278 | 8540 | 0.518386 | 0
extended-synthetic-memory-pressure-uniform-seed-7 | TaskRoundRobin | Off | 3243159.000 | 64396.314068 | 0.550359 | 0.102252 | 0.019008 | 0.019008 | 0.894186 | 0.002456 | 1670251 | 6923709 | 183073 | 1601828 | 1782014 | 2887 | 2312054 | 23 | 0 | 0 | 574395 | 0 | 34423 | 539972 | 574395 | 12059960 | 0 | 12059960 | 94338 | 0.756540 | 0
extended-synthetic-memory-pressure-uniform-seed-7 | TaskRoundRobin | On | 2182603.000 | 46563.820680 | 0.558130 | 0.103344 | 0.019536 | 0.019536 | 0.892667 | 0.002526 | 1231973 | 4740712 | 61661 | 1161364 | 1217952 | 5073 | 1562073 | 68 | 7844 | 7844 | 1136271 | 838375 | 0 | 297896 | 297896 | 14956160 | 6712882 | 8243278 | 8540 | 0.518386 | 0
extended-synthetic-memory-pressure-uniform-seed-7 | ETAwareCostBalanced | Off | 3122677.000 | 69018.106022 | 0.571593 | 0.106198 | 0.019741 | 0.019741 | 0.890463 | 0.002690 | 2608914 | 6802714 | 68741 | 1716160 | 957683 | 827218 | 1494386 | 1876 | 0 | 0 | 574395 | 0 | 34423 | 539972 | 574395 | 12059960 | 0 | 12059960 | 94338 | 0.756540 | 0
extended-synthetic-memory-pressure-uniform-seed-7 | ETAwareCostBalanced | On | 2178553.000 | 49795.827005 | 0.559168 | 0.103536 | 0.019573 | 0.019573 | 0.892332 | 0.002741 | 1870864 | 4736413 | 50154 | 1172871 | 590568 | 632457 | 927481 | 1997 | 7844 | 7844 | 1136271 | 838375 | 0 | 297896 | 297896 | 14956160 | 6712882 | 8243278 | 8540 | 0.518386 | 0
extended-synthetic-memory-pressure-uniform-seed-7 | ETAwareCostBalancedMemoryAware | Off | 3183387.000 | 87072.766368 | 0.560692 | 0.104172 | 0.019365 | 0.019365 | 0.892687 | 0.002603 | 2680401 | 6865185 | 74091 | 1710810 | 880846 | 904055 | 1360428 | 7826 | 0 | 0 | 574395 | 0 | 34423 | 539972 | 574395 | 12059960 | 0 | 12059960 | 94338 | 0.756540 | 0
extended-synthetic-memory-pressure-uniform-seed-7 | ETAwareCostBalancedMemoryAware | On | 2201493.000 | 67417.151127 | 0.553341 | 0.102457 | 0.019369 | 0.019369 | 0.893821 | 0.002746 | 1910228 | 4760286 | 55106 | 1167919 | 546252 | 676773 | 864244 | 6562 | 7844 | 7844 | 1136271 | 838375 | 0 | 297896 | 297896 | 14956160 | 6712882 | 8243278 | 8540 | 0.518386 | 0
extended-synthetic-memory-pressure-uniform-seed-7 | BroadcastPhaseAwareFanoutBalanced | Off | 3105719.000 | 72720.927953 | 0.574714 | 0.106777 | 0.019849 | 0.019849 | 0.889699 | 0.002868 | 2707359 | 6785448 | 210978 | 1573923 | 717001 | 1067900 | 1413207 | 1496 | 0 | 0 | 574395 | 0 | 34423 | 539972 | 574395 | 12059960 | 0 | 12059960 | 94338 | 0.756540 | 0
extended-synthetic-memory-pressure-uniform-seed-7 | BroadcastPhaseAwareFanoutBalanced | On | 2147780.000 | 49192.652018 | 0.567180 | 0.105019 | 0.019853 | 0.019853 | 0.890737 | 0.003129 | 1940453 | 4705965 | 104021 | 1119004 | 467112 | 755913 | 888340 | 1627 | 7844 | 7844 | 1136271 | 838375 | 0 | 297896 | 297896 | 14956160 | 6712882 | 8243278 | 8540 | 0.518386 | 0

Section 3: Secondary Diagnostics
================================
scenario | grouping_policy | et_enabled | jain_fairness | variance_group_completed_tasks | variance_group_active_lane_cycles | estimated_cycles_saved_early_termination | processed_fraction_p10 | processed_fraction_p50 | processed_fraction_p90 | mean_skipped_macs_per_terminated_task
extended-mnist-sample-0 (label=7) | OutputChannelModulo | Off | 0.997868 | 1199.222222 | 626200.888889 | 0 | 0.146684 | 0.146684 | 0.146684 | 0.000000
extended-mnist-sample-0 (label=7) | OutputChannelModulo | On | 0.997124 | 4199.555556 | 375857.472222 | 56300 | 0.104007 | 0.104007 | 0.104007 | 1.261180
extended-mnist-sample-0 (label=7) | TaskRoundRobin | Off | 0.999741 | 22.555556 | 1425.888889 | 0 | 0.146684 | 0.146684 | 0.146684 | 0.000000
extended-mnist-sample-0 (label=7) | TaskRoundRobin | On | 0.999284 | 41.888889 | 19385.472222 | 56300 | 0.104007 | 0.104007 | 0.104007 | 1.261180
extended-mnist-sample-0 (label=7) | ETAwareCostBalanced | Off | 0.993212 | 60398.222222 | 2357388.888889 | 0 | 0.146684 | 0.146684 | 0.146684 | 0.000000
extended-mnist-sample-0 (label=7) | ETAwareCostBalanced | On | 0.974702 | 209215.222222 | 4901721.805556 | 56300 | 0.104007 | 0.104007 | 0.104007 | 1.261180
extended-mnist-sample-0 (label=7) | ETAwareCostBalancedMemoryAware | Off | 0.992514 | 114641.555556 | 2675492.888889 | 0 | 0.146684 | 0.146684 | 0.146684 | 0.000000
extended-mnist-sample-0 (label=7) | ETAwareCostBalancedMemoryAware | On | 0.978220 | 179164.555556 | 4248314.138889 | 56300 | 0.104007 | 0.104007 | 0.104007 | 1.261180
extended-mnist-sample-0 (label=7) | BroadcastPhaseAwareFanoutBalanced | Off | 0.996077 | 50634.555556 | 1285466.888889 | 0 | 0.146684 | 0.146684 | 0.146684 | 0.000000
extended-mnist-sample-0 (label=7) | BroadcastPhaseAwareFanoutBalanced | On | 0.997448 | 14494.222222 | 399250.472222 | 56300 | 0.104007 | 0.104007 | 0.104007 | 1.261180
extended-mnist-sample-1 (label=2) | OutputChannelModulo | Off | 0.998425 | 2176.888889 | 800398.222222 | 0 | 0.210459 | 0.210459 | 0.210459 | 0.000000
extended-mnist-sample-1 (label=2) | OutputChannelModulo | On | 0.996828 | 12018.222222 | 806505.222222 | 75371 | 0.149554 | 0.149554 | 0.149554 | 1.767332
extended-mnist-sample-1 (label=2) | TaskRoundRobin | Off | 0.999866 | 895.888889 | 18429.888889 | 0 | 0.210459 | 0.210459 | 0.210459 | 0.000000
extended-mnist-sample-1 (label=2) | TaskRoundRobin | On | 0.999324 | 325.888889 | 27450.555556 | 75371 | 0.149554 | 0.149554 | 0.149554 | 1.767332
extended-mnist-sample-1 (label=2) | ETAwareCostBalanced | Off | 0.992391 | 291899.222222 | 4601612.888889 | 0 | 0.210459 | 0.210459 | 0.210459 | 0.000000
extended-mnist-sample-1 (label=2) | ETAwareCostBalanced | On | 0.986716 | 201711.888889 | 4175806.555556 | 75371 | 0.149554 | 0.149554 | 0.149554 | 1.767332
extended-mnist-sample-1 (label=2) | ETAwareCostBalancedMemoryAware | Off | 0.990455 | 301814.888889 | 5809295.222222 | 0 | 0.210459 | 0.210459 | 0.210459 | 0.000000
extended-mnist-sample-1 (label=2) | ETAwareCostBalancedMemoryAware | On | 0.994707 | 90935.555556 | 1614078.555556 | 75371 | 0.149554 | 0.149554 | 0.149554 | 1.767332
extended-mnist-sample-1 (label=2) | BroadcastPhaseAwareFanoutBalanced | Off | 0.998834 | 35270.555556 | 592193.555556 | 0 | 0.210459 | 0.210459 | 0.210459 | 0.000000
extended-mnist-sample-1 (label=2) | BroadcastPhaseAwareFanoutBalanced | On | 0.993709 | 74049.888889 | 1895984.888889 | 75371 | 0.149554 | 0.149554 | 0.149554 | 1.767332
extended-mnist-sample-1038 (label=1) | OutputChannelModulo | Off | 0.997888 | 453.222222 | 86632.888889 | 0 | 0.057398 | 0.057398 | 0.057398 | 0.000000
extended-mnist-sample-1038 (label=1) | OutputChannelModulo | On | 0.998533 | 1953.888889 | 48579.555556 | 25797 | 0.041950 | 0.041950 | 0.041950 | 0.546067
extended-mnist-sample-1038 (label=1) | TaskRoundRobin | Off | 0.998672 | 20.222222 | 1648.888889 | 0 | 0.057398 | 0.057398 | 0.057398 | 0.000000
extended-mnist-sample-1038 (label=1) | TaskRoundRobin | On | 0.998643 | 368.888889 | 5229.222222 | 25797 | 0.041950 | 0.041950 | 0.041950 | 0.546067
extended-mnist-sample-1038 (label=1) | ETAwareCostBalanced | Off | 0.975690 | 97428.888889 | 2838727.222222 | 0 | 0.057398 | 0.057398 | 0.057398 | 0.000000
extended-mnist-sample-1038 (label=1) | ETAwareCostBalanced | On | 0.970013 | 108482.555556 | 2315187.555556 | 25797 | 0.041950 | 0.041950 | 0.041950 | 0.546067
extended-mnist-sample-1038 (label=1) | ETAwareCostBalancedMemoryAware | Off | 0.956669 | 193748.888889 | 5212599.222222 | 0 | 0.057398 | 0.057398 | 0.057398 | 0.000000
extended-mnist-sample-1038 (label=1) | ETAwareCostBalancedMemoryAware | On | 0.980556 | 73246.555556 | 1473213.222222 | 25797 | 0.041950 | 0.041950 | 0.041950 | 0.546067
extended-mnist-sample-1038 (label=1) | BroadcastPhaseAwareFanoutBalanced | Off | 0.997854 | 8340.555556 | 169553.222222 | 0 | 0.057398 | 0.057398 | 0.057398 | 0.000000
extended-mnist-sample-1038 (label=1) | BroadcastPhaseAwareFanoutBalanced | On | 0.998347 | 4308.555556 | 82419.555556 | 25797 | 0.041950 | 0.041950 | 0.041950 | 0.546067
extended-mnist-sample-11 (label=6) | OutputChannelModulo | Off | 0.998632 | 4083.555556 | 745535.555556 | 0 | 0.219388 | 0.219388 | 0.219388 | 0.000000
extended-mnist-sample-11 (label=6) | OutputChannelModulo | On | 0.997617 | 10264.888889 | 708269.472222 | 79740 | 0.156445 | 0.156445 | 0.156445 | 1.906155
extended-mnist-sample-11 (label=6) | TaskRoundRobin | Off | 0.999869 | 771.222222 | 46123.888889 | 0 | 0.219388 | 0.219388 | 0.219388 | 0.000000
extended-mnist-sample-11 (label=6) | TaskRoundRobin | On | 0.999492 | 449.222222 | 17991.805556 | 79740 | 0.156445 | 0.156445 | 0.156445 | 1.906155
extended-mnist-sample-11 (label=6) | ETAwareCostBalanced | Off | 0.986389 | 508120.888889 | 9084746.888889 | 0 | 0.219388 | 0.219388 | 0.219388 | 0.000000
extended-mnist-sample-11 (label=6) | ETAwareCostBalanced | On | 0.984414 | 277262.555556 | 5222781.805556 | 79740 | 0.156445 | 0.156445 | 0.156445 | 1.906155
extended-mnist-sample-11 (label=6) | ETAwareCostBalancedMemoryAware | Off | 0.992166 | 274124.888889 | 5162755.888889 | 0 | 0.219388 | 0.219388 | 0.219388 | 0.000000
extended-mnist-sample-11 (label=6) | ETAwareCostBalancedMemoryAware | On | 0.995609 | 79997.888889 | 1424965.472222 | 79740 | 0.156445 | 0.156445 | 0.156445 | 1.906155
extended-mnist-sample-11 (label=6) | BroadcastPhaseAwareFanoutBalanced | Off | 0.999014 | 25045.222222 | 538909.222222 | 0 | 0.219388 | 0.219388 | 0.219388 | 0.000000
extended-mnist-sample-11 (label=6) | BroadcastPhaseAwareFanoutBalanced | On | 0.991496 | 121563.555556 | 2719214.805556 | 79740 | 0.156445 | 0.156445 | 0.156445 | 1.906155
extended-mnist-sample-18 (label=3) | OutputChannelModulo | Off | 0.998493 | 3106.555556 | 950065.333333 | 0 | 0.267857 | 0.267857 | 0.267857 | 0.000000
extended-mnist-sample-18 (label=3) | OutputChannelModulo | On | 0.997344 | 10347.888889 | 1016263.138889 | 85584 | 0.190990 | 0.190990 | 0.190990 | 2.101044
extended-mnist-sample-18 (label=3) | TaskRoundRobin | Off | 0.999889 | 521.555556 | 38627.000000 | 0 | 0.267857 | 0.267857 | 0.267857 | 0.000000
extended-mnist-sample-18 (label=3) | TaskRoundRobin | On | 0.999642 | 603.888889 | 7021.805556 | 85584 | 0.190990 | 0.190990 | 0.190990 | 2.101044
extended-mnist-sample-18 (label=3) | ETAwareCostBalanced | Off | 0.992704 | 484157.888889 | 6549362.333333 | 0 | 0.267857 | 0.267857 | 0.267857 | 0.000000
extended-mnist-sample-18 (label=3) | ETAwareCostBalanced | On | 0.991458 | 225712.888889 | 3818754.472222 | 85584 | 0.190990 | 0.190990 | 0.190990 | 2.101044
extended-mnist-sample-18 (label=3) | ETAwareCostBalancedMemoryAware | Off | 0.997636 | 181950.555556 | 1986130.333333 | 0 | 0.267857 | 0.267857 | 0.267857 | 0.000000
extended-mnist-sample-18 (label=3) | ETAwareCostBalancedMemoryAware | On | 0.987825 | 233415.888889 | 5472136.805556 | 85584 | 0.190990 | 0.190990 | 0.190990 | 2.101044
extended-mnist-sample-18 (label=3) | BroadcastPhaseAwareFanoutBalanced | Off | 0.999306 | 29752.555556 | 425271.666667 | 0 | 0.267857 | 0.267857 | 0.267857 | 0.000000
extended-mnist-sample-18 (label=3) | BroadcastPhaseAwareFanoutBalanced | On | 0.995573 | 78799.222222 | 1947857.472222 | 85584 | 0.190990 | 0.190990 | 0.190990 | 2.101044
extended-mnist-sample-2 (label=1) | OutputChannelModulo | Off | 0.998359 | 690.888889 | 163361.888889 | 0 | 0.081633 | 0.081633 | 0.081633 | 0.000000
extended-mnist-sample-2 (label=1) | OutputChannelModulo | On | 0.997946 | 2566.888889 | 107674.916667 | 32790 | 0.059223 | 0.059223 | 0.059223 | 0.706770
extended-mnist-sample-2 (label=1) | TaskRoundRobin | Off | 0.999102 | 191.222222 | 10440.555556 | 0 | 0.081633 | 0.081633 | 0.081633 | 0.000000
extended-mnist-sample-2 (label=1) | TaskRoundRobin | On | 0.999174 | 66.555556 | 4060.250000 | 32790 | 0.059223 | 0.059223 | 0.059223 | 0.706770
extended-mnist-sample-2 (label=1) | ETAwareCostBalanced | Off | 0.988279 | 87358.222222 | 1930110.888889 | 0 | 0.081633 | 0.081633 | 0.081633 | 0.000000
extended-mnist-sample-2 (label=1) | ETAwareCostBalanced | On | 0.990222 | 50833.888889 | 987308.583333 | 32790 | 0.059223 | 0.059223 | 0.059223 | 0.706770
extended-mnist-sample-2 (label=1) | ETAwareCostBalancedMemoryAware | Off | 0.988290 | 75730.888889 | 1928332.555556 | 0 | 0.081633 | 0.081633 | 0.081633 | 0.000000
extended-mnist-sample-2 (label=1) | ETAwareCostBalancedMemoryAware | On | 0.974384 | 134444.888889 | 2674838.250000 | 32790 | 0.059223 | 0.059223 | 0.059223 | 0.706770
extended-mnist-sample-2 (label=1) | BroadcastPhaseAwareFanoutBalanced | Off | 0.998096 | 16920.222222 | 219133.888889 | 0 | 0.081633 | 0.081633 | 0.081633 | 0.000000
extended-mnist-sample-2 (label=1) | BroadcastPhaseAwareFanoutBalanced | On | 0.993773 | 32398.222222 | 605613.916667 | 32790 | 0.059223 | 0.059223 | 0.059223 | 0.706770
extended-mnist-sample-2462 (label=2) | OutputChannelModulo | Off | 0.998535 | 4304.555556 | 1776520.333333 | 0 | 0.392857 | 0.392857 | 0.392857 | 0.000000
extended-mnist-sample-2462 (label=2) | OutputChannelModulo | On | 0.998410 | 10738.555556 | 1086390.222222 | 87477 | 0.303642 | 0.303642 | 0.303642 | 2.364319
extended-mnist-sample-2462 (label=2) | TaskRoundRobin | Off | 0.999891 | 694.555556 | 75895.333333 | 0 | 0.392857 | 0.392857 | 0.392857 | 0.000000
extended-mnist-sample-2462 (label=2) | TaskRoundRobin | On | 0.999837 | 638.555556 | 45655.555556 | 87477 | 0.303642 | 0.303642 | 0.303642 | 2.364319
extended-mnist-sample-2462 (label=2) | ETAwareCostBalanced | Off | 0.996953 | 435455.555556 | 4826218.333333 | 0 | 0.392857 | 0.392857 | 0.392857 | 0.000000
extended-mnist-sample-2462 (label=2) | ETAwareCostBalanced | On | 0.993264 | 376121.222222 | 6444384.888889 | 87477 | 0.303642 | 0.303642 | 0.303642 | 2.364319
extended-mnist-sample-2462 (label=2) | ETAwareCostBalancedMemoryAware | Off | 0.996137 | 614358.888889 | 6117105.666667 | 0 | 0.392857 | 0.392857 | 0.392857 | 0.000000
extended-mnist-sample-2462 (label=2) | ETAwareCostBalancedMemoryAware | On | 0.996891 | 98616.888889 | 2843672.555556 | 87477 | 0.303642 | 0.303642 | 0.303642 | 2.364319
extended-mnist-sample-2462 (label=2) | BroadcastPhaseAwareFanoutBalanced | Off | 0.998438 | 28175.888889 | 2045539.333333 | 0 | 0.392857 | 0.392857 | 0.392857 | 0.000000
extended-mnist-sample-2462 (label=2) | BroadcastPhaseAwareFanoutBalanced | On | 0.997594 | 69665.555556 | 2027003.222222 | 87477 | 0.303642 | 0.303642 | 0.303642 | 2.364319
extended-mnist-sample-2827 (label=1) | OutputChannelModulo | Off | 0.997976 | 1077.222222 | 83448.000000 | 0 | 0.056122 | 0.056122 | 0.056122 | 0.000000
extended-mnist-sample-2827 (label=1) | OutputChannelModulo | On | 0.998484 | 2730.555556 | 53247.472222 | 26563 | 0.039913 | 0.039913 | 0.039913 | 0.559937
extended-mnist-sample-2827 (label=1) | TaskRoundRobin | Off | 0.999021 | 147.555556 | 1154.666667 | 0 | 0.056122 | 0.056122 | 0.056122 | 0.000000
extended-mnist-sample-2827 (label=1) | TaskRoundRobin | On | 0.998470 | 347.555556 | 12917.138889 | 26563 | 0.039913 | 0.039913 | 0.039913 | 0.559937
extended-mnist-sample-2827 (label=1) | ETAwareCostBalanced | Off | 0.979306 | 80393.222222 | 2309877.333333 | 0 | 0.056122 | 0.056122 | 0.056122 | 0.000000
extended-mnist-sample-2827 (label=1) | ETAwareCostBalanced | On | 0.979908 | 61248.555556 | 1449851.138889 | 26563 | 0.039913 | 0.039913 | 0.039913 | 0.559937
extended-mnist-sample-2827 (label=1) | ETAwareCostBalancedMemoryAware | Off | 0.974864 | 107675.222222 | 2869456.666667 | 0 | 0.056122 | 0.056122 | 0.056122 | 0.000000
extended-mnist-sample-2827 (label=1) | ETAwareCostBalancedMemoryAware | On | 0.964354 | 123923.555556 | 2634802.472222 | 26563 | 0.039913 | 0.039913 | 0.039913 | 0.559937
extended-mnist-sample-2827 (label=1) | BroadcastPhaseAwareFanoutBalanced | Off | 0.995159 | 23507.555556 | 487782.333333 | 0 | 0.056122 | 0.056122 | 0.056122 | 0.000000
extended-mnist-sample-2827 (label=1) | BroadcastPhaseAwareFanoutBalanced | On | 0.992330 | 25840.555556 | 527081.138889 | 26563 | 0.039913 | 0.039913 | 0.039913 | 0.559937
extended-mnist-sample-3 (label=0) | OutputChannelModulo | Off | 0.998873 | 3298.222222 | 708840.333333 | 0 | 0.246173 | 0.246173 | 0.246173 | 0.000000
extended-mnist-sample-3 (label=0) | OutputChannelModulo | On | 0.997711 | 8804.222222 | 871255.888889 | 71956 | 0.183142 | 0.183142 | 0.183142 | 1.745868
extended-mnist-sample-3 (label=0) | TaskRoundRobin | Off | 0.999880 | 502.222222 | 22433.666667 | 0 | 0.246173 | 0.246173 | 0.246173 | 0.000000
extended-mnist-sample-3 (label=0) | TaskRoundRobin | On | 0.999614 | 493.222222 | 49776.888889 | 71956 | 0.183142 | 0.183142 | 0.183142 | 1.745868
extended-mnist-sample-3 (label=0) | ETAwareCostBalanced | Off | 0.994210 | 375953.888889 | 4404112.333333 | 0 | 0.246173 | 0.246173 | 0.246173 | 0.000000
extended-mnist-sample-3 (label=0) | ETAwareCostBalanced | On | 0.989160 | 261413.888889 | 4613009.555556 | 71956 | 0.183142 | 0.183142 | 0.183142 | 1.745868
extended-mnist-sample-3 (label=0) | ETAwareCostBalancedMemoryAware | Off | 0.992448 | 355910.555556 | 5817357.666667 | 0 | 0.246173 | 0.246173 | 0.246173 | 0.000000
extended-mnist-sample-3 (label=0) | ETAwareCostBalancedMemoryAware | On | 0.994472 | 100270.222222 | 2292409.888889 | 71956 | 0.183142 | 0.183142 | 0.183142 | 1.745868
extended-mnist-sample-3 (label=0) | BroadcastPhaseAwareFanoutBalanced | Off | 0.998408 | 28148.555556 | 1076234.333333 | 0 | 0.246173 | 0.246173 | 0.246173 | 0.000000
extended-mnist-sample-3 (label=0) | BroadcastPhaseAwareFanoutBalanced | On | 0.998055 | 61376.555556 | 735532.888889 | 71956 | 0.183142 | 0.183142 | 0.183142 | 1.745868
extended-mnist-sample-3768 (label=0) | OutputChannelModulo | Off | 0.998717 | 3736.222222 | 1592855.888889 | 0 | 0.386480 | 0.386480 | 0.386480 | 0.000000
extended-mnist-sample-3768 (label=0) | OutputChannelModulo | On | 0.998499 | 10147.222222 | 965707.888889 | 89220 | 0.297973 | 0.297973 | 0.297973 | 2.426206
extended-mnist-sample-3768 (label=0) | TaskRoundRobin | Off | 0.999906 | 508.222222 | 81408.222222 | 0 | 0.386480 | 0.386480 | 0.386480 | 0.000000
extended-mnist-sample-3768 (label=0) | TaskRoundRobin | On | 0.999782 | 402.222222 | 66848.555556 | 89220 | 0.297973 | 0.297973 | 0.297973 | 2.426206
extended-mnist-sample-3768 (label=0) | ETAwareCostBalanced | Off | 0.997043 | 469428.555556 | 4568001.888889 | 0 | 0.386480 | 0.386480 | 0.386480 | 0.000000
extended-mnist-sample-3768 (label=0) | ETAwareCostBalanced | On | 0.992747 | 295145.888889 | 6775789.555556 | 89220 | 0.297973 | 0.297973 | 0.297973 | 2.426206
extended-mnist-sample-3768 (label=0) | ETAwareCostBalancedMemoryAware | Off | 0.995740 | 589566.555556 | 6677548.888889 | 0 | 0.386480 | 0.386480 | 0.386480 | 0.000000
extended-mnist-sample-3768 (label=0) | ETAwareCostBalancedMemoryAware | On | 0.994309 | 168843.222222 | 5239196.888889 | 89220 | 0.297973 | 0.297973 | 0.297973 | 2.426206
extended-mnist-sample-3768 (label=0) | BroadcastPhaseAwareFanoutBalanced | Off | 0.998373 | 17445.555556 | 2234759.888889 | 0 | 0.386480 | 0.386480 | 0.386480 | 0.000000
extended-mnist-sample-3768 (label=0) | BroadcastPhaseAwareFanoutBalanced | On | 0.998085 | 67889.888889 | 1631130.222222 | 89220 | 0.297973 | 0.297973 | 0.297973 | 2.426206
extended-mnist-sample-4 (label=4) | OutputChannelModulo | Off | 0.998524 | 2186.222222 | 420441.555556 | 0 | 0.153061 | 0.153061 | 0.153061 | 0.000000
extended-mnist-sample-4 (label=4) | OutputChannelModulo | On | 0.997622 | 7080.555556 | 363337.472222 | 59321 | 0.111944 | 0.111944 | 0.111944 | 1.359124
extended-mnist-sample-4 (label=4) | TaskRoundRobin | Off | 0.999736 | 235.222222 | 10495.222222 | 0 | 0.153061 | 0.153061 | 0.153061 | 0.000000
extended-mnist-sample-4 (label=4) | TaskRoundRobin | On | 0.999452 | 156.222222 | 9533.472222 | 59321 | 0.111944 | 0.111944 | 0.111944 | 1.359124
extended-mnist-sample-4 (label=4) | ETAwareCostBalanced | Off | 0.998221 | 17123.555556 | 566739.555556 | 0 | 0.153061 | 0.153061 | 0.153061 | 0.000000
extended-mnist-sample-4 (label=4) | ETAwareCostBalanced | On | 0.982715 | 154179.888889 | 3701099.805556 | 59321 | 0.111944 | 0.111944 | 0.111944 | 1.359124
extended-mnist-sample-4 (label=4) | ETAwareCostBalancedMemoryAware | Off | 0.989216 | 124478.888889 | 4109021.222222 | 0 | 0.153061 | 0.153061 | 0.153061 | 0.000000
extended-mnist-sample-4 (label=4) | ETAwareCostBalancedMemoryAware | On | 0.960493 | 310764.555556 | 8680238.472222 | 59321 | 0.111944 | 0.111944 | 0.111944 | 1.359124
extended-mnist-sample-4 (label=4) | BroadcastPhaseAwareFanoutBalanced | Off | 0.998067 | 17373.222222 | 591295.222222 | 0 | 0.153061 | 0.153061 | 0.153061 | 0.000000
extended-mnist-sample-4 (label=4) | BroadcastPhaseAwareFanoutBalanced | On | 0.995668 | 33866.555556 | 886949.472222 | 59321 | 0.111944 | 0.111944 | 0.111944 | 1.359124
extended-mnist-sample-61 (label=8) | OutputChannelModulo | Off | 0.998420 | 3186.555556 | 883565.555556 | 0 | 0.233418 | 0.233418 | 0.233418 | 0.000000
extended-mnist-sample-61 (label=8) | OutputChannelModulo | On | 0.997933 | 9280.222222 | 636961.472222 | 73733 | 0.167570 | 0.167570 | 0.167570 | 1.748045
extended-mnist-sample-61 (label=8) | TaskRoundRobin | Off | 0.999854 | 630.222222 | 31027.555556 | 0 | 0.233418 | 0.233418 | 0.233418 | 0.000000
extended-mnist-sample-61 (label=8) | TaskRoundRobin | On | 0.999719 | 488.222222 | 18725.805556 | 73733 | 0.167570 | 0.167570 | 0.167570 | 1.748045
extended-mnist-sample-61 (label=8) | ETAwareCostBalanced | Off | 0.991164 | 351897.555556 | 6246839.555556 | 0 | 0.233418 | 0.233418 | 0.233418 | 0.000000
extended-mnist-sample-61 (label=8) | ETAwareCostBalanced | On | 0.987667 | 309486.888889 | 4583590.138889 | 73733 | 0.167570 | 0.167570 | 0.167570 | 1.748045
extended-mnist-sample-61 (label=8) | ETAwareCostBalancedMemoryAware | Off | 0.993480 | 229967.888889 | 4579347.888889 | 0 | 0.233418 | 0.233418 | 0.233418 | 0.000000
extended-mnist-sample-61 (label=8) | ETAwareCostBalancedMemoryAware | On | 0.993215 | 106071.888889 | 2431729.138889 | 73733 | 0.167570 | 0.167570 | 0.167570 | 1.748045
extended-mnist-sample-61 (label=8) | BroadcastPhaseAwareFanoutBalanced | Off | 0.999320 | 47076.888889 | 264063.555556 | 0 | 0.233418 | 0.233418 | 0.233418 | 0.000000
extended-mnist-sample-61 (label=8) | BroadcastPhaseAwareFanoutBalanced | On | 0.997395 | 65896.222222 | 853377.138889 | 73733 | 0.167570 | 0.167570 | 0.167570 | 1.748045
extended-mnist-sample-7 (label=9) | OutputChannelModulo | Off | 0.998278 | 2615.222222 | 546059.222222 | 0 | 0.164541 | 0.164541 | 0.164541 | 0.000000
extended-mnist-sample-7 (label=9) | OutputChannelModulo | On | 0.997994 | 6422.888889 | 336270.222222 | 53373 | 0.119048 | 0.119048 | 0.119048 | 1.218235
extended-mnist-sample-7 (label=9) | TaskRoundRobin | Off | 0.999554 | 129.222222 | 17173.888889 | 0 | 0.164541 | 0.164541 | 0.164541 | 0.000000
extended-mnist-sample-7 (label=9) | TaskRoundRobin | On | 0.999437 | 340.222222 | 22157.222222 | 53373 | 0.119048 | 0.119048 | 0.119048 | 1.218235
extended-mnist-sample-7 (label=9) | ETAwareCostBalanced | Off | 0.997823 | 33639.555556 | 847828.222222 | 0 | 0.164541 | 0.164541 | 0.164541 | 0.000000
extended-mnist-sample-7 (label=9) | ETAwareCostBalanced | On | 0.987123 | 123466.222222 | 2950273.555556 | 53373 | 0.119048 | 0.119048 | 0.119048 | 1.218235
extended-mnist-sample-7 (label=9) | ETAwareCostBalancedMemoryAware | Off | 0.989675 | 151836.555556 | 4260260.222222 | 0 | 0.164541 | 0.164541 | 0.164541 | 0.000000
extended-mnist-sample-7 (label=9) | ETAwareCostBalancedMemoryAware | On | 0.991164 | 75712.888889 | 1950350.555556 | 53373 | 0.119048 | 0.119048 | 0.119048 | 1.218235
extended-mnist-sample-7 (label=9) | BroadcastPhaseAwareFanoutBalanced | Off | 0.998325 | 18886.555556 | 619550.222222 | 0 | 0.164541 | 0.164541 | 0.164541 | 0.000000
extended-mnist-sample-7 (label=9) | BroadcastPhaseAwareFanoutBalanced | On | 0.992877 | 63437.888889 | 1590737.222222 | 53373 | 0.119048 | 0.119048 | 0.119048 | 1.218235
extended-mnist-sample-8 (label=5) | OutputChannelModulo | Off | 0.998394 | 1666.888889 | 831670.222222 | 0 | 0.221939 | 0.221939 | 0.221939 | 0.000000
extended-mnist-sample-8 (label=5) | OutputChannelModulo | On | 0.998161 | 10095.555556 | 514646.222222 | 74253 | 0.160289 | 0.160289 | 0.160289 | 1.751316
extended-mnist-sample-8 (label=5) | TaskRoundRobin | Off | 0.999878 | 381.222222 | 25069.888889 | 0 | 0.221939 | 0.221939 | 0.221939 | 0.000000
extended-mnist-sample-8 (label=5) | TaskRoundRobin | On | 0.999688 | 423.888889 | 19345.222222 | 74253 | 0.160289 | 0.160289 | 0.160289 | 1.751316
extended-mnist-sample-8 (label=5) | ETAwareCostBalanced | Off | 0.996197 | 214963.222222 | 2405374.888889 | 0 | 0.221939 | 0.221939 | 0.221939 | 0.000000
extended-mnist-sample-8 (label=5) | ETAwareCostBalanced | On | 0.986604 | 255274.222222 | 4653412.888889 | 74253 | 0.160289 | 0.160289 | 0.160289 | 1.751316
extended-mnist-sample-8 (label=5) | ETAwareCostBalancedMemoryAware | Off | 0.994571 | 170536.555556 | 3577297.222222 | 0 | 0.221939 | 0.221939 | 0.221939 | 0.000000
extended-mnist-sample-8 (label=5) | ETAwareCostBalancedMemoryAware | On | 0.994981 | 87572.555556 | 1637096.555556 | 74253 | 0.160289 | 0.160289 | 0.160289 | 1.751316
extended-mnist-sample-8 (label=5) | BroadcastPhaseAwareFanoutBalanced | Off | 0.993278 | 186144.555556 | 4337154.555556 | 0 | 0.221939 | 0.221939 | 0.221939 | 0.000000
extended-mnist-sample-8 (label=5) | BroadcastPhaseAwareFanoutBalanced | On | 0.991948 | 103400.555556 | 2661600.555556 | 74253 | 0.160289 | 0.160289 | 0.160289 | 1.751316
extended-synthetic-memory-pressure-uniform-seed-1 | OutputChannelModulo | Off | 0.999994 | 1487.555556 | 20674954.000000 | 0 | 0.748863 | 0.748863 | 0.748863 | 0.000000
extended-synthetic-memory-pressure-uniform-seed-1 | OutputChannelModulo | On | 0.999995 | 7269.555556 | 6888353.472222 | 8565600 | 0.508178 | 0.508178 | 0.508178 | 107.412975
extended-synthetic-memory-pressure-uniform-seed-1 | TaskRoundRobin | Off | 0.999996 | 58.888889 | 14608591.000000 | 0 | 0.748863 | 0.748863 | 0.748863 | 0.000000
extended-synthetic-memory-pressure-uniform-seed-1 | TaskRoundRobin | On | 0.999996 | 634.555556 | 5242721.138889 | 8565600 | 0.508178 | 0.508178 | 0.508178 | 107.412975
extended-synthetic-memory-pressure-uniform-seed-1 | ETAwareCostBalanced | Off | 0.999980 | 29990.888889 | 74667835.333333 | 0 | 0.748863 | 0.748863 | 0.748863 | 0.000000
extended-synthetic-memory-pressure-uniform-seed-1 | ETAwareCostBalanced | On | 0.999891 | 759859.555556 | 190780906.138889 | 8565600 | 0.508178 | 0.508178 | 0.508178 | 107.412975
extended-synthetic-memory-pressure-uniform-seed-1 | ETAwareCostBalancedMemoryAware | Off | 0.999983 | 5047.222222 | 64960555.666667 | 0 | 0.748863 | 0.748863 | 0.748863 | 0.000000
extended-synthetic-memory-pressure-uniform-seed-1 | ETAwareCostBalancedMemoryAware | On | 0.999968 | 283442.222222 | 54275581.805556 | 8565600 | 0.508178 | 0.508178 | 0.508178 | 107.412975
extended-synthetic-memory-pressure-uniform-seed-1 | BroadcastPhaseAwareFanoutBalanced | Off | 0.999994 | 402.222222 | 21924298.000000 | 0 | 0.748863 | 0.748863 | 0.748863 | 0.000000
extended-synthetic-memory-pressure-uniform-seed-1 | BroadcastPhaseAwareFanoutBalanced | On | 0.999996 | 18902.555556 | 5660775.805556 | 8565600 | 0.508178 | 0.508178 | 0.508178 | 107.412975
extended-synthetic-memory-pressure-uniform-seed-13 | OutputChannelModulo | Off | 0.999979 | 1135.555556 | 81581709.333333 | 0 | 0.750557 | 0.750557 | 0.750557 | 0.000000
extended-synthetic-memory-pressure-uniform-seed-13 | OutputChannelModulo | On | 0.999991 | 17015.555556 | 11440115.000000 | 9627518 | 0.478433 | 0.478433 | 0.478433 | 108.486130
extended-synthetic-memory-pressure-uniform-seed-13 | TaskRoundRobin | Off | 0.999995 | 68.222222 | 19988041.666667 | 0 | 0.750557 | 0.750557 | 0.750557 | 0.000000
extended-synthetic-memory-pressure-uniform-seed-13 | TaskRoundRobin | On | 0.999997 | 926.888889 | 3466045.333333 | 9627518 | 0.478433 | 0.478433 | 0.478433 | 108.486130
extended-synthetic-memory-pressure-uniform-seed-13 | ETAwareCostBalanced | Off | 0.999975 | 34076.555556 | 94583179.000000 | 0 | 0.750557 | 0.750557 | 0.750557 | 0.000000
extended-synthetic-memory-pressure-uniform-seed-13 | ETAwareCostBalanced | On | 0.999942 | 740630.222222 | 90091306.666667 | 9627518 | 0.478433 | 0.478433 | 0.478433 | 108.486130
extended-synthetic-memory-pressure-uniform-seed-13 | ETAwareCostBalancedMemoryAware | Off | 0.999993 | 6760.222222 | 27017590.000000 | 0 | 0.750557 | 0.750557 | 0.750557 | 0.000000
extended-synthetic-memory-pressure-uniform-seed-13 | ETAwareCostBalancedMemoryAware | On | 0.999981 | 263806.888889 | 28357363.666667 | 9627518 | 0.478433 | 0.478433 | 0.478433 | 108.486130
extended-synthetic-memory-pressure-uniform-seed-13 | BroadcastPhaseAwareFanoutBalanced | Off | 0.999980 | 1117.555556 | 77389324.333333 | 0 | 0.750557 | 0.750557 | 0.750557 | 0.000000
extended-synthetic-memory-pressure-uniform-seed-13 | BroadcastPhaseAwareFanoutBalanced | On | 0.999983 | 24269.222222 | 25841371.333333 | 9627518 | 0.478433 | 0.478433 | 0.478433 | 108.486130
extended-synthetic-memory-pressure-uniform-seed-7 | OutputChannelModulo | Off | 0.999967 | 2260.888889 | 128450689.805556 | 0 | 0.756540 | 0.756540 | 0.756540 | 0.000000
extended-synthetic-memory-pressure-uniform-seed-7 | OutputChannelModulo | On | 0.999962 | 33769.222222 | 68484317.805556 | 8389632 | 0.518386 | 0.518386 | 0.518386 | 106.881056
extended-synthetic-memory-pressure-uniform-seed-7 | TaskRoundRobin | Off | 0.999995 | 79.888889 | 17816342.805556 | 0 | 0.756540 | 0.756540 | 0.756540 | 0.000000
extended-synthetic-memory-pressure-uniform-seed-7 | TaskRoundRobin | On | 0.999996 | 683.555556 | 5466589.805556 | 8389632 | 0.518386 | 0.518386 | 0.518386 | 106.881056
extended-synthetic-memory-pressure-uniform-seed-7 | ETAwareCostBalanced | Off | 0.999958 | 26608.888889 | 163995353.138889 | 0 | 0.756540 | 0.756540 | 0.756540 | 0.000000
extended-synthetic-memory-pressure-uniform-seed-7 | ETAwareCostBalanced | On | 0.999913 | 767672.555556 | 158844549.138889 | 8389632 | 0.518386 | 0.518386 | 0.518386 | 106.881056
extended-synthetic-memory-pressure-uniform-seed-7 | ETAwareCostBalancedMemoryAware | Off | 0.999995 | 10049.888889 | 19127697.805556 | 0 | 0.756540 | 0.756540 | 0.756540 | 0.000000
extended-synthetic-memory-pressure-uniform-seed-7 | ETAwareCostBalancedMemoryAware | On | 0.999962 | 408161.555556 | 68428561.472222 | 8389632 | 0.518386 | 0.518386 | 0.518386 | 106.881056
extended-synthetic-memory-pressure-uniform-seed-7 | BroadcastPhaseAwareFanoutBalanced | Off | 0.999966 | 1456.888889 | 135027205.138889 | 0 | 0.756540 | 0.756540 | 0.756540 | 0.000000
extended-synthetic-memory-pressure-uniform-seed-7 | BroadcastPhaseAwareFanoutBalanced | On | 0.999966 | 22225.555556 | 61722226.472222 | 8389632 | 0.518386 | 0.518386 | 0.518386 | 106.881056

