Section 1: Benchmark Configuration
==================================
mode=detailed
suite_tiers=quick
et_mode=paired
reactive_zero_skip=On
proactive_zero_run_skip=On
zero_run_order_mode=execution
bit_column_skip=On
warmup_iterations=0
timed_repetitions=1
grouping_policies=OutputChannelModulo,TaskRoundRobin,ETAwareCostBalanced,ETAwareCostBalancedMemoryAware,BroadcastPhaseAwareFanoutBalanced
scenario_count=8
exactness_pass=PASS
primary_invariants_pass=PASS

Section 2: Detailed Primary Metrics
===================================
scenario | grouping_policy | et_enabled | cycles_mean | wall_median_ms | throughput_macs_per_cycle | lane_occupancy | multiplier_utilization | accumulator_utilization | memory_stall_ratio | broadcast_stall_ratio | dram_bytes | onchip_buffer_bytes | activation_reuse_hits | activation_reuse_misses | weight_reuse_hits | weight_reuse_misses | memory_requests_avoided | work_stealing_events | tasks_terminated_early | output_elements_terminated_early | macs_skipped_total | macs_skipped_et_only | macs_skipped_reactive_only | macs_skipped_proactive_only | macs_skipped_zero_only | bit_steps_skipped_total | bit_steps_skipped_et_only | bit_steps_skipped_bit_column_only | zero_run_events | average_processed_fraction_per_task | mismatches
quick-mnist-sample-0 (label=7) | OutputChannelModulo | Off | 11882.000 | 541.200027 | 0.696852 | 0.266865 | 0.055114 | 0.055114 | 0.660486 | 0.061795 | 25275 | 67570 | 8165 | 115 | 8208 | 72 | 32099 | 994 | 0 | 0 | 48168 | 0 | 1594 | 46574 | 48168 | 42665 | 0 | 42665 | 6054 | 0.146684 | 0
quick-mnist-sample-0 (label=7) | OutputChannelModulo | On | 10020.000 | 501.116475 | 0.517764 | 0.231335 | 0.043336 | 0.043336 | 0.719303 | 0.037700 | 25275 | 62749 | 5756 | 115 | 5799 | 72 | 22466 | 988 | 4204 | 4204 | 50577 | 5302 | 108 | 45167 | 45275 | 73752 | 45696 | 28056 | 5322 | 0.104007 | 0
quick-mnist-sample-0 (label=7) | TaskRoundRobin | Off | 12207.000 | 511.052650 | 0.678299 | 0.259760 | 0.053646 | 0.053646 | 0.692706 | 0.040462 | 25275 | 67858 | 8165 | 115 | 8208 | 72 | 31811 | 11 | 0 | 0 | 48168 | 0 | 1594 | 46574 | 48168 | 42665 | 0 | 42665 | 6054 | 0.146684 | 0
quick-mnist-sample-0 (label=7) | TaskRoundRobin | On | 10232.000 | 478.071155 | 0.507037 | 0.226541 | 0.042438 | 0.042438 | 0.739439 | 0.023923 | 25275 | 63040 | 5756 | 115 | 5799 | 72 | 22175 | 17 | 4204 | 4204 | 50577 | 5302 | 108 | 45167 | 45275 | 73752 | 45696 | 28056 | 5322 | 0.104007 | 0
quick-mnist-sample-0 (label=7) | ETAwareCostBalanced | Off | 11681.000 | 1828.892637 | 0.708843 | 0.271457 | 0.056062 | 0.056062 | 0.646867 | 0.071056 | 25275 | 67725 | 8165 | 115 | 8208 | 72 | 31944 | 2266 | 0 | 0 | 48168 | 0 | 1594 | 46574 | 48168 | 42665 | 0 | 42665 | 6054 | 0.146684 | 0
quick-mnist-sample-0 (label=7) | ETAwareCostBalanced | On | 9882.000 | 1535.062245 | 0.524995 | 0.234565 | 0.043941 | 0.043941 | 0.700336 | 0.054968 | 25275 | 62897 | 5756 | 115 | 5799 | 72 | 22318 | 2970 | 4204 | 4204 | 50577 | 5302 | 108 | 45167 | 45275 | 73752 | 45696 | 28056 | 5322 | 0.104007 | 0
quick-mnist-sample-0 (label=7) | ETAwareCostBalancedMemoryAware | Off | 11746.000 | 4497.701130 | 0.704921 | 0.269955 | 0.055752 | 0.055752 | 0.651163 | 0.077308 | 25275 | 67768 | 8165 | 115 | 8208 | 72 | 31901 | 3889 | 0 | 0 | 48168 | 0 | 1594 | 46574 | 48168 | 42665 | 0 | 42665 | 6054 | 0.146684 | 0
quick-mnist-sample-0 (label=7) | ETAwareCostBalancedMemoryAware | On | 9871.000 | 4026.173488 | 0.525580 | 0.234826 | 0.043990 | 0.043990 | 0.707862 | 0.055437 | 25275 | 62906 | 5756 | 115 | 5799 | 72 | 22309 | 4594 | 4204 | 4204 | 50577 | 5302 | 108 | 45167 | 45275 | 73752 | 45696 | 28056 | 5322 | 0.104007 | 0
quick-mnist-sample-0 (label=7) | BroadcastPhaseAwareFanoutBalanced | Off | 11600.000 | 816.053355 | 0.713793 | 0.273352 | 0.056454 | 0.056454 | 0.652783 | 0.072270 | 25275 | 67648 | 8165 | 115 | 8208 | 72 | 32021 | 1102 | 0 | 0 | 48168 | 0 | 1594 | 46574 | 48168 | 42665 | 0 | 42665 | 6054 | 0.146684 | 0
quick-mnist-sample-0 (label=7) | BroadcastPhaseAwareFanoutBalanced | On | 9830.000 | 724.756789 | 0.527772 | 0.235806 | 0.044173 | 0.044173 | 0.703529 | 0.052331 | 25275 | 62815 | 5756 | 115 | 5799 | 72 | 22400 | 898 | 4204 | 4204 | 50577 | 5302 | 108 | 45167 | 45275 | 73752 | 45696 | 28056 | 5322 | 0.104007 | 0
quick-mnist-sample-1038 (label=1) | OutputChannelModulo | Off | 8275.000 | 471.588827 | 0.391541 | 0.216408 | 0.030967 | 0.030967 | 0.757640 | 0.013914 | 25205 | 57070 | 3195 | 45 | 3168 | 72 | 12429 | 998 | 0 | 0 | 53208 | 0 | 834 | 52374 | 53208 | 16695 | 0 | 16695 | 6332 | 0.057398 | 0
quick-mnist-sample-1038 (label=1) | OutputChannelModulo | On | 7472.000 | 394.859706 | 0.275696 | 0.194050 | 0.023231 | 0.023231 | 0.783016 | 0.006632 | 25205 | 55319 | 2323 | 45 | 2296 | 72 | 8948 | 1000 | 4450 | 4450 | 54080 | 2430 | 24 | 51626 | 51650 | 32135 | 20937 | 11198 | 5936 | 0.041950 | 0
quick-mnist-sample-1038 (label=1) | TaskRoundRobin | Off | 8272.000 | 398.841014 | 0.391683 | 0.216487 | 0.030978 | 0.030978 | 0.770770 | 0.005225 | 25205 | 57358 | 3195 | 45 | 3168 | 72 | 12141 | 10 | 0 | 0 | 53208 | 0 | 834 | 52374 | 53208 | 16695 | 0 | 16695 | 6332 | 0.057398 | 0
quick-mnist-sample-1038 (label=1) | TaskRoundRobin | On | 7618.000 | 406.183829 | 0.270412 | 0.190331 | 0.022786 | 0.022786 | 0.794886 | 0.003428 | 25205 | 55605 | 2323 | 45 | 2296 | 72 | 8662 | 55 | 4450 | 4450 | 54080 | 2430 | 24 | 51626 | 51650 | 32135 | 20937 | 11198 | 5936 | 0.041950 | 0
quick-mnist-sample-1038 (label=1) | ETAwareCostBalanced | Off | 7851.000 | 1565.653679 | 0.412686 | 0.228096 | 0.032639 | 0.032639 | 0.732893 | 0.036655 | 25205 | 57176 | 3195 | 45 | 3168 | 72 | 12323 | 2420 | 0 | 0 | 53208 | 0 | 834 | 52374 | 53208 | 16695 | 0 | 16695 | 6332 | 0.057398 | 0
quick-mnist-sample-1038 (label=1) | ETAwareCostBalanced | On | 7366.000 | 1455.700093 | 0.279663 | 0.196843 | 0.023565 | 0.023565 | 0.769851 | 0.024056 | 25205 | 55359 | 2323 | 45 | 2296 | 72 | 8908 | 2525 | 4450 | 4450 | 54080 | 2430 | 24 | 51626 | 51650 | 32135 | 20937 | 11198 | 5936 | 0.041950 | 0
quick-mnist-sample-1038 (label=1) | ETAwareCostBalancedMemoryAware | Off | 7926.000 | 4211.160461 | 0.408781 | 0.225937 | 0.032330 | 0.032330 | 0.720056 | 0.037233 | 25205 | 57175 | 3195 | 45 | 3168 | 72 | 12324 | 4698 | 0 | 0 | 53208 | 0 | 834 | 52374 | 53208 | 16695 | 0 | 16695 | 6332 | 0.057398 | 0
quick-mnist-sample-1038 (label=1) | ETAwareCostBalancedMemoryAware | On | 7463.000 | 4157.811706 | 0.276028 | 0.194284 | 0.023259 | 0.023259 | 0.767304 | 0.023918 | 25205 | 55404 | 2323 | 45 | 2296 | 72 | 8863 | 4700 | 4450 | 4450 | 54080 | 2430 | 24 | 51626 | 51650 | 32135 | 20937 | 11198 | 5936 | 0.041950 | 0
quick-mnist-sample-1038 (label=1) | BroadcastPhaseAwareFanoutBalanced | Off | 8018.000 | 629.886640 | 0.404091 | 0.223345 | 0.031959 | 0.031959 | 0.748119 | 0.026229 | 25205 | 57085 | 3195 | 45 | 3168 | 72 | 12414 | 1009 | 0 | 0 | 53208 | 0 | 834 | 52374 | 53208 | 16695 | 0 | 16695 | 6332 | 0.057398 | 0
quick-mnist-sample-1038 (label=1) | BroadcastPhaseAwareFanoutBalanced | On | 7480.000 | 600.046997 | 0.275401 | 0.193843 | 0.023206 | 0.023206 | 0.770180 | 0.017985 | 25205 | 55334 | 2323 | 45 | 2296 | 72 | 8933 | 943 | 4450 | 4450 | 54080 | 2430 | 24 | 51626 | 51650 | 32135 | 20937 | 11198 | 5936 | 0.041950 | 0
quick-mnist-sample-2462 (label=2) | OutputChannelModulo | Off | 22239.000 | 800.272548 | 0.997167 | 0.307365 | 0.078865 | 0.078865 | 0.568827 | 0.117697 | 25468 | 97270 | 21868 | 308 | 22104 | 72 | 85582 | 955 | 0 | 0 | 34272 | 0 | 1860 | 32412 | 34272 | 114268 | 0 | 114268 | 4587 | 0.392857 | 0
quick-mnist-sample-2462 (label=2) | OutputChannelModulo | On | 18688.000 | 703.305231 | 0.855950 | 0.279068 | 0.070281 | 0.070281 | 0.618131 | 0.093025 | 25468 | 87252 | 16832 | 308 | 17068 | 72 | 65384 | 912 | 3464 | 3464 | 39308 | 8190 | 115 | 31003 | 31118 | 155357 | 71097 | 84260 | 3823 | 0.303642 | 0
quick-mnist-sample-2462 (label=2) | TaskRoundRobin | Off | 26388.000 | 861.516575 | 0.840382 | 0.259038 | 0.066465 | 0.066465 | 0.695006 | 0.041719 | 25468 | 109733 | 21868 | 308 | 22104 | 72 | 73119 | 72 | 0 | 0 | 34272 | 0 | 1860 | 32412 | 34272 | 114268 | 0 | 114268 | 4587 | 0.392857 | 0
quick-mnist-sample-2462 (label=2) | TaskRoundRobin | On | 21859.000 | 717.928186 | 0.731781 | 0.238585 | 0.060086 | 0.060086 | 0.723765 | 0.032560 | 25468 | 97054 | 16832 | 308 | 17068 | 72 | 55582 | 66 | 3464 | 3464 | 39308 | 8190 | 115 | 31003 | 31118 | 155357 | 71097 | 84260 | 3823 | 0.303642 | 0
quick-mnist-sample-2462 (label=2) | ETAwareCostBalanced | Off | 23979.000 | 1537.178823 | 0.924809 | 0.285062 | 0.073143 | 0.073143 | 0.623166 | 0.088432 | 25468 | 101376 | 21868 | 308 | 22104 | 72 | 81476 | 1531 | 0 | 0 | 34272 | 0 | 1860 | 32412 | 34272 | 114268 | 0 | 114268 | 4587 | 0.392857 | 0
quick-mnist-sample-2462 (label=2) | ETAwareCostBalanced | On | 19895.000 | 1510.070645 | 0.804021 | 0.262137 | 0.066017 | 0.066017 | 0.658523 | 0.072479 | 25468 | 90715 | 16832 | 308 | 17068 | 72 | 61921 | 2109 | 3464 | 3464 | 39308 | 8190 | 115 | 31003 | 31118 | 155357 | 71097 | 84260 | 3823 | 0.303642 | 0
quick-mnist-sample-2462 (label=2) | ETAwareCostBalancedMemoryAware | Off | 24100.000 | 4383.667869 | 0.920166 | 0.283631 | 0.072775 | 0.072775 | 0.627419 | 0.082585 | 25468 | 102258 | 21868 | 308 | 22104 | 72 | 80594 | 4528 | 0 | 0 | 34272 | 0 | 1860 | 32412 | 34272 | 114268 | 0 | 114268 | 4587 | 0.392857 | 0
quick-mnist-sample-2462 (label=2) | ETAwareCostBalancedMemoryAware | On | 19691.000 | 4430.970678 | 0.812351 | 0.264853 | 0.066701 | 0.066701 | 0.649064 | 0.079077 | 25468 | 90337 | 16832 | 308 | 17068 | 72 | 62299 | 4864 | 3464 | 3464 | 39308 | 8190 | 115 | 31003 | 31118 | 155357 | 71097 | 84260 | 3823 | 0.303642 | 0
quick-mnist-sample-2462 (label=2) | BroadcastPhaseAwareFanoutBalanced | Off | 23075.000 | 1123.767316 | 0.961040 | 0.296230 | 0.076008 | 0.076008 | 0.600959 | 0.101169 | 25468 | 99262 | 21868 | 308 | 22104 | 72 | 83590 | 885 | 0 | 0 | 34272 | 0 | 1860 | 32412 | 34272 | 114268 | 0 | 114268 | 4587 | 0.392857 | 0
quick-mnist-sample-2462 (label=2) | BroadcastPhaseAwareFanoutBalanced | On | 18977.000 | 1034.008227 | 0.842915 | 0.274818 | 0.069211 | 0.069211 | 0.631329 | 0.088064 | 25468 | 88196 | 16832 | 308 | 17068 | 72 | 64440 | 1543 | 3464 | 3464 | 39308 | 8190 | 115 | 31003 | 31118 | 155357 | 71097 | 84260 | 3823 | 0.303642 | 0
quick-mnist-sample-2827 (label=1) | OutputChannelModulo | Off | 8220.000 | 409.732891 | 0.385401 | 0.215511 | 0.030481 | 0.030481 | 0.757377 | 0.014078 | 25204 | 56920 | 3124 | 44 | 3096 | 72 | 12148 | 968 | 0 | 0 | 53280 | 0 | 829 | 52451 | 53280 | 16324 | 0 | 16324 | 6338 | 0.056122 | 0
quick-mnist-sample-2827 (label=1) | OutputChannelModulo | On | 7362.000 | 485.082374 | 0.263108 | 0.192584 | 0.022299 | 0.022299 | 0.789093 | 0.006373 | 25204 | 55084 | 2209 | 44 | 2181 | 72 | 8494 | 1001 | 4463 | 4463 | 54195 | 2499 | 7 | 51689 | 51696 | 32106 | 21565 | 10541 | 5943 | 0.039913 | 0
quick-mnist-sample-2827 (label=1) | TaskRoundRobin | Off | 8241.000 | 377.200650 | 0.384419 | 0.214962 | 0.030404 | 0.030404 | 0.771886 | 0.005312 | 25204 | 57208 | 3124 | 44 | 3096 | 72 | 11860 | 32 | 0 | 0 | 53280 | 0 | 829 | 52451 | 53280 | 16324 | 0 | 16324 | 6338 | 0.056122 | 0
quick-mnist-sample-2827 (label=1) | TaskRoundRobin | On | 7554.000 | 399.190273 | 0.256420 | 0.187689 | 0.021732 | 0.021732 | 0.796465 | 0.002982 | 25204 | 55344 | 2209 | 44 | 2181 | 72 | 8234 | 50 | 4463 | 4463 | 54195 | 2499 | 7 | 51689 | 51696 | 32106 | 21565 | 10541 | 5943 | 0.039913 | 0
quick-mnist-sample-2827 (label=1) | ETAwareCostBalanced | Off | 7803.000 | 1105.856915 | 0.405998 | 0.227028 | 0.032110 | 0.032110 | 0.738238 | 0.028500 | 25204 | 57018 | 3124 | 44 | 3096 | 72 | 12050 | 1947 | 0 | 0 | 53280 | 0 | 829 | 52451 | 53280 | 16324 | 0 | 16324 | 6338 | 0.056122 | 0
quick-mnist-sample-2827 (label=1) | ETAwareCostBalanced | On | 7267.000 | 1217.955577 | 0.266547 | 0.195102 | 0.022591 | 0.022591 | 0.778630 | 0.019842 | 25204 | 55119 | 2209 | 44 | 2181 | 72 | 8459 | 2243 | 4463 | 4463 | 54195 | 2499 | 7 | 51689 | 51696 | 32106 | 21565 | 10541 | 5943 | 0.039913 | 0
quick-mnist-sample-2827 (label=1) | ETAwareCostBalancedMemoryAware | Off | 7836.000 | 2192.041235 | 0.404288 | 0.226072 | 0.031975 | 0.031975 | 0.731028 | 0.034793 | 25204 | 56999 | 3124 | 44 | 3096 | 72 | 12069 | 3147 | 0 | 0 | 53280 | 0 | 829 | 52451 | 53280 | 16324 | 0 | 16324 | 6338 | 0.056122 | 0
quick-mnist-sample-2827 (label=1) | ETAwareCostBalancedMemoryAware | On | 7231.000 | 2077.093226 | 0.267874 | 0.196073 | 0.022703 | 0.022703 | 0.765427 | 0.024002 | 25204 | 55083 | 2209 | 44 | 2181 | 72 | 8495 | 3338 | 4463 | 4463 | 54195 | 2499 | 7 | 51689 | 51696 | 32106 | 21565 | 10541 | 5943 | 0.039913 | 0
quick-mnist-sample-2827 (label=1) | BroadcastPhaseAwareFanoutBalanced | Off | 7868.000 | 567.701691 | 0.402644 | 0.225153 | 0.031845 | 0.031845 | 0.740478 | 0.027008 | 25204 | 56948 | 3124 | 44 | 3096 | 72 | 12120 | 567 | 0 | 0 | 53280 | 0 | 829 | 52451 | 53280 | 16324 | 0 | 16324 | 6338 | 0.056122 | 0
quick-mnist-sample-2827 (label=1) | BroadcastPhaseAwareFanoutBalanced | On | 7288.000 | 552.995841 | 0.265779 | 0.194540 | 0.022526 | 0.022526 | 0.775464 | 0.017296 | 25204 | 55106 | 2209 | 44 | 2181 | 72 | 8472 | 554 | 4463 | 4463 | 54195 | 2499 | 7 | 51689 | 51696 | 32106 | 21565 | 10541 | 5943 | 0.039913 | 0
quick-mnist-sample-3768 (label=0) | OutputChannelModulo | Off | 22043.000 | 764.730592 | 0.989702 | 0.306459 | 0.078275 | 0.078275 | 0.570815 | 0.117106 | 25463 | 96477 | 21513 | 303 | 21744 | 72 | 84220 | 956 | 0 | 0 | 34632 | 0 | 2045 | 32587 | 34632 | 112413 | 0 | 112413 | 4698 | 0.386480 | 0
quick-mnist-sample-3768 (label=0) | OutputChannelModulo | On | 18463.000 | 701.118754 | 0.847641 | 0.277721 | 0.069615 | 0.069615 | 0.618471 | 0.094313 | 25463 | 86457 | 16517 | 303 | 16748 | 72 | 64264 | 923 | 3442 | 3442 | 39628 | 8351 | 132 | 31145 | 31277 | 155097 | 72518 | 82579 | 3889 | 0.297973 | 0
quick-mnist-sample-3768 (label=0) | TaskRoundRobin | Off | 26131.000 | 828.431702 | 0.834870 | 0.258516 | 0.066029 | 0.066029 | 0.693661 | 0.042451 | 25463 | 108769 | 21513 | 303 | 21744 | 72 | 71928 | 60 | 0 | 0 | 34632 | 0 | 2045 | 32587 | 34632 | 112413 | 0 | 112413 | 4698 | 0.386480 | 0
quick-mnist-sample-3768 (label=0) | TaskRoundRobin | On | 21549.000 | 710.891947 | 0.726252 | 0.237949 | 0.059646 | 0.059646 | 0.724385 | 0.031305 | 25463 | 96174 | 16517 | 303 | 16748 | 72 | 54547 | 56 | 3442 | 3442 | 39628 | 8351 | 132 | 31145 | 31277 | 155097 | 72518 | 82579 | 3889 | 0.297973 | 0
quick-mnist-sample-3768 (label=0) | ETAwareCostBalanced | Off | 23729.000 | 1569.349339 | 0.919381 | 0.284684 | 0.072713 | 0.072713 | 0.624227 | 0.084664 | 25463 | 100767 | 21513 | 303 | 21744 | 72 | 79930 | 1511 | 0 | 0 | 34632 | 0 | 2045 | 32587 | 34632 | 112413 | 0 | 112413 | 4698 | 0.386480 | 0
quick-mnist-sample-3768 (label=0) | ETAwareCostBalanced | On | 19569.000 | 1684.702833 | 0.799734 | 0.262024 | 0.065681 | 0.065681 | 0.659768 | 0.072662 | 25463 | 89992 | 16517 | 303 | 16748 | 72 | 60729 | 2490 | 3442 | 3442 | 39628 | 8351 | 132 | 31145 | 31277 | 155097 | 72518 | 82579 | 3889 | 0.297973 | 0
quick-mnist-sample-3768 (label=0) | ETAwareCostBalancedMemoryAware | Off | 23919.000 | 3513.486869 | 0.912078 | 0.282423 | 0.072136 | 0.072136 | 0.625481 | 0.087126 | 25463 | 101013 | 21513 | 303 | 21744 | 72 | 79684 | 4523 | 0 | 0 | 34632 | 0 | 2045 | 32587 | 34632 | 112413 | 0 | 112413 | 4698 | 0.386480 | 0
quick-mnist-sample-3768 (label=0) | ETAwareCostBalancedMemoryAware | On | 19492.000 | 4131.101095 | 0.802893 | 0.263059 | 0.065940 | 0.065940 | 0.657042 | 0.073580 | 25463 | 89991 | 16517 | 303 | 16748 | 72 | 60730 | 4973 | 3442 | 3442 | 39628 | 8351 | 132 | 31145 | 31277 | 155097 | 72518 | 82579 | 3889 | 0.297973 | 0
quick-mnist-sample-3768 (label=0) | BroadcastPhaseAwareFanoutBalanced | Off | 22844.000 | 1154.999266 | 0.954999 | 0.295713 | 0.075530 | 0.075530 | 0.596474 | 0.102688 | 25463 | 98219 | 21513 | 303 | 21744 | 72 | 82478 | 1092 | 0 | 0 | 34632 | 0 | 2045 | 32587 | 34632 | 112413 | 0 | 112413 | 4698 | 0.386480 | 0
quick-mnist-sample-3768 (label=0) | BroadcastPhaseAwareFanoutBalanced | On | 18774.000 | 1052.127478 | 0.833600 | 0.273120 | 0.068462 | 0.068462 | 0.633704 | 0.088675 | 25463 | 87583 | 16517 | 303 | 16748 | 72 | 63138 | 1514 | 3442 | 3442 | 39628 | 8351 | 132 | 31145 | 31277 | 155097 | 72518 | 82579 | 3889 | 0.297973 | 0
quick-synthetic-negative-bias-seed-2026 | OutputChannelModulo | Off | 77375.000 | 2075.396661 | 1.359263 | 0.256305 | 0.045712 | 0.045712 | 0.701467 | 0.035250 | 12006 | 276050 | 101861 | 3312 | 104671 | 502 | 367558 | 311 | 0 | 0 | 42283 | 0 | 4965 | 37318 | 42283 | 714054 | 0 | 714054 | 7838 | 0.713250 | 0
quick-synthetic-negative-bias-seed-2026 | OutputChannelModulo | On | 41474.000 | 1140.705856 | 1.071949 | 0.206279 | 0.037631 | 0.037631 | 0.755183 | 0.017978 | 14128 | 141424 | 40208 | 5434 | 45140 | 502 | 142876 | 295 | 1524 | 1524 | 101814 | 91722 | 0 | 10092 | 10092 | 1042726 | 735394 | 307332 | 524 | 0.309530 | 0
quick-synthetic-negative-bias-seed-2026 | TaskRoundRobin | Off | 103649.000 | 2394.051798 | 1.014703 | 0.191334 | 0.034124 | 0.034124 | 0.791941 | 0.010492 | 23294 | 327108 | 90573 | 14600 | 104671 | 502 | 305212 | 8 | 0 | 0 | 42283 | 0 | 4965 | 37318 | 42283 | 714054 | 0 | 714054 | 7838 | 0.713250 | 0
quick-synthetic-negative-bias-seed-2026 | TaskRoundRobin | On | 48894.000 | 1258.157229 | 0.909273 | 0.174975 | 0.031921 | 0.031921 | 0.793886 | 0.009155 | 27275 | 153442 | 27061 | 18581 | 45140 | 502 | 117711 | 47 | 1524 | 1524 | 101814 | 91722 | 0 | 10092 | 10092 | 1042726 | 735394 | 307332 | 524 | 0.309530 | 0
quick-synthetic-negative-bias-seed-2026 | ETAwareCostBalanced | Off | 100224.000 | 2905.297755 | 1.049379 | 0.197873 | 0.035290 | 0.035290 | 0.782780 | 0.012967 | 46713 | 319764 | 67154 | 38019 | 104671 | 502 | 289137 | 205 | 0 | 0 | 42283 | 0 | 4965 | 37318 | 42283 | 714054 | 0 | 714054 | 7838 | 0.713250 | 0
quick-synthetic-negative-bias-seed-2026 | ETAwareCostBalanced | On | 47941.000 | 1608.987864 | 0.927348 | 0.178453 | 0.032555 | 0.032555 | 0.792786 | 0.010554 | 25848 | 152387 | 28488 | 17154 | 45140 | 502 | 120193 | 490 | 1524 | 1524 | 101814 | 91722 | 0 | 10092 | 10092 | 1042726 | 735394 | 307332 | 524 | 0.309530 | 0
quick-synthetic-negative-bias-seed-2026 | ETAwareCostBalancedMemoryAware | Off | 107840.000 | 2908.076820 | 0.975269 | 0.183898 | 0.032798 | 0.032798 | 0.800287 | 0.010865 | 43704 | 331148 | 70163 | 35010 | 104671 | 502 | 280762 | 1020 | 0 | 0 | 42283 | 0 | 4965 | 37318 | 42283 | 714054 | 0 | 714054 | 7838 | 0.713250 | 0
quick-synthetic-negative-bias-seed-2026 | ETAwareCostBalancedMemoryAware | On | 51722.000 | 1862.360102 | 0.859557 | 0.165408 | 0.030175 | 0.030175 | 0.809892 | 0.008901 | 24784 | 156511 | 29552 | 16090 | 45140 | 502 | 117133 | 1474 | 1524 | 1524 | 101814 | 91722 | 0 | 10092 | 10092 | 1042726 | 735394 | 307332 | 524 | 0.309530 | 0
quick-synthetic-negative-bias-seed-2026 | BroadcastPhaseAwareFanoutBalanced | Off | 90079.000 | 2348.459430 | 1.167564 | 0.220158 | 0.039265 | 0.039265 | 0.754307 | 0.019871 | 19652 | 302492 | 94215 | 10958 | 104671 | 502 | 333470 | 316 | 0 | 0 | 42283 | 0 | 4965 | 37318 | 42283 | 714054 | 0 | 714054 | 7838 | 0.713250 | 0
quick-synthetic-negative-bias-seed-2026 | BroadcastPhaseAwareFanoutBalanced | On | 43832.000 | 1312.568669 | 1.014282 | 0.195182 | 0.035607 | 0.035607 | 0.772006 | 0.014132 | 16930 | 146038 | 37406 | 8236 | 45140 | 502 | 135460 | 408 | 1524 | 1524 | 101814 | 91722 | 0 | 10092 | 10092 | 1042726 | 735394 | 307332 | 524 | 0.309530 | 0
quick-synthetic-sparse-seed-2026 | OutputChannelModulo | Off | 26663.000 | 872.274240 | 1.455050 | 0.303094 | 0.051664 | 0.051664 | 0.622242 | 0.065898 | 9353 | 102197 | 38167 | 629 | 38264 | 532 | 145802 | 348 | 0 | 0 | 108660 | 0 | 172 | 108488 | 108660 | 260777 | 0 | 260777 | 15399 | 0.263102 | 0
quick-synthetic-sparse-seed-2026 | OutputChannelModulo | On | 22037.000 | 764.933849 | 1.308073 | 0.253726 | 0.047496 | 0.047496 | 0.680290 | 0.052979 | 9353 | 84093 | 28752 | 629 | 28849 | 532 | 107416 | 348 | 736 | 736 | 118075 | 48541 | 0 | 69534 | 69534 | 585696 | 389089 | 196607 | 1312 | 0.199253 | 0
quick-synthetic-sparse-seed-2026 | TaskRoundRobin | Off | 37190.000 | 1049.149728 | 1.043184 | 0.217300 | 0.037040 | 0.037040 | 0.758090 | 0.016407 | 9353 | 125953 | 38167 | 629 | 38264 | 532 | 122046 | 10 | 0 | 0 | 108660 | 0 | 172 | 108488 | 108660 | 260777 | 0 | 260777 | 15399 | 0.263102 | 0
quick-synthetic-sparse-seed-2026 | TaskRoundRobin | On | 29627.000 | 899.831969 | 0.972964 | 0.188725 | 0.035328 | 0.035328 | 0.786721 | 0.014094 | 9353 | 101548 | 28752 | 629 | 28849 | 532 | 89961 | 22 | 736 | 736 | 118075 | 48541 | 0 | 69534 | 69534 | 585696 | 389089 | 196607 | 1312 | 0.199253 | 0
quick-synthetic-sparse-seed-2026 | ETAwareCostBalanced | Off | 35072.000 | 1072.944640 | 1.106182 | 0.230423 | 0.039277 | 0.039277 | 0.739557 | 0.021480 | 9353 | 122670 | 38167 | 629 | 38264 | 532 | 125329 | 236 | 0 | 0 | 108660 | 0 | 172 | 108488 | 108660 | 260777 | 0 | 260777 | 15399 | 0.263102 | 0
quick-synthetic-sparse-seed-2026 | ETAwareCostBalanced | On | 27989.000 | 876.300811 | 1.029905 | 0.199770 | 0.037396 | 0.037396 | 0.772370 | 0.019075 | 9353 | 98561 | 28752 | 629 | 28849 | 532 | 92948 | 292 | 736 | 736 | 118075 | 48541 | 0 | 69534 | 69534 | 585696 | 389089 | 196607 | 1312 | 0.199253 | 0
quick-synthetic-sparse-seed-2026 | ETAwareCostBalancedMemoryAware | Off | 37270.000 | 1321.843089 | 1.040944 | 0.216834 | 0.036961 | 0.036961 | 0.756292 | 0.017691 | 9353 | 126942 | 38167 | 629 | 38264 | 532 | 121057 | 1220 | 0 | 0 | 108660 | 0 | 172 | 108488 | 108660 | 260777 | 0 | 260777 | 15399 | 0.263102 | 0
quick-synthetic-sparse-seed-2026 | ETAwareCostBalancedMemoryAware | On | 28482.000 | 1422.665658 | 1.012078 | 0.196312 | 0.036748 | 0.036748 | 0.779469 | 0.017561 | 9353 | 100220 | 28752 | 629 | 28849 | 532 | 91289 | 1378 | 736 | 736 | 118075 | 48541 | 0 | 69534 | 69534 | 585696 | 389089 | 196607 | 1312 | 0.199253 | 0
quick-synthetic-sparse-seed-2026 | BroadcastPhaseAwareFanoutBalanced | Off | 32263.000 | 994.350440 | 1.202492 | 0.250485 | 0.042697 | 0.042697 | 0.711589 | 0.031091 | 9353 | 115884 | 38167 | 629 | 38264 | 532 | 132115 | 263 | 0 | 0 | 108660 | 0 | 172 | 108488 | 108660 | 260777 | 0 | 260777 | 15399 | 0.263102 | 0
quick-synthetic-sparse-seed-2026 | BroadcastPhaseAwareFanoutBalanced | On | 25563.000 | 856.345056 | 1.127645 | 0.218729 | 0.040945 | 0.040945 | 0.738945 | 0.027687 | 9353 | 92765 | 28752 | 629 | 28849 | 532 | 98744 | 316 | 736 | 736 | 118075 | 48541 | 0 | 69534 | 69534 | 585696 | 389089 | 196607 | 1312 | 0.199253 | 0
quick-synthetic-uniform-seed-2026 | OutputChannelModulo | Off | 77375.000 | 1993.329351 | 1.359263 | 0.256305 | 0.045712 | 0.045712 | 0.701467 | 0.035250 | 12006 | 276050 | 101861 | 3312 | 104671 | 502 | 367558 | 311 | 0 | 0 | 42283 | 0 | 4965 | 37318 | 42283 | 714054 | 0 | 714054 | 7838 | 0.713250 | 0
quick-synthetic-uniform-seed-2026 | OutputChannelModulo | On | 55569.000 | 1472.708061 | 1.163023 | 0.218259 | 0.040034 | 0.040034 | 0.745587 | 0.022244 | 14375 | 190298 | 59731 | 5681 | 64910 | 502 | 212375 | 295 | 1106 | 1106 | 82044 | 62857 | 0 | 19187 | 19187 | 946065 | 503884 | 442181 | 942 | 0.443604 | 0
quick-synthetic-uniform-seed-2026 | TaskRoundRobin | Off | 103649.000 | 2419.322897 | 1.014703 | 0.191334 | 0.034124 | 0.034124 | 0.791941 | 0.010492 | 23294 | 327108 | 90573 | 14600 | 104671 | 502 | 305212 | 8 | 0 | 0 | 42283 | 0 | 4965 | 37318 | 42283 | 714054 | 0 | 714054 | 7838 | 0.713250 | 0
quick-synthetic-uniform-seed-2026 | TaskRoundRobin | On | 66724.000 | 1581.190406 | 0.968587 | 0.181770 | 0.033341 | 0.033341 | 0.794099 | 0.009955 | 29728 | 210778 | 44378 | 21034 | 64910 | 502 | 176542 | 51 | 1106 | 1106 | 82044 | 62857 | 0 | 19187 | 19187 | 946065 | 503884 | 442181 | 942 | 0.443604 | 0
quick-synthetic-uniform-seed-2026 | ETAwareCostBalanced | Off | 100909.000 | 2577.840807 | 1.042256 | 0.196529 | 0.035051 | 0.035051 | 0.784167 | 0.012802 | 46426 | 320768 | 67441 | 37732 | 104671 | 502 | 288420 | 195 | 0 | 0 | 42283 | 0 | 4965 | 37318 | 42283 | 714054 | 0 | 714054 | 7838 | 0.713250 | 0
quick-synthetic-uniform-seed-2026 | ETAwareCostBalanced | On | 65931.000 | 1794.527030 | 0.980237 | 0.183957 | 0.033742 | 0.033742 | 0.792012 | 0.011546 | 32502 | 208960 | 41604 | 23808 | 64910 | 502 | 175586 | 393 | 1106 | 1106 | 82044 | 62857 | 0 | 19187 | 19187 | 946065 | 503884 | 442181 | 942 | 0.443604 | 0
quick-synthetic-uniform-seed-2026 | ETAwareCostBalancedMemoryAware | Off | 106891.000 | 2705.863236 | 0.983928 | 0.185531 | 0.033089 | 0.033089 | 0.799431 | 0.010844 | 46226 | 329721 | 67641 | 37532 | 104671 | 502 | 279667 | 1156 | 0 | 0 | 42283 | 0 | 4965 | 37318 | 42283 | 714054 | 0 | 714054 | 7838 | 0.713250 | 0
quick-synthetic-uniform-seed-2026 | ETAwareCostBalancedMemoryAware | On | 70771.000 | 2113.738864 | 0.913199 | 0.171376 | 0.031434 | 0.031434 | 0.808354 | 0.009868 | 30317 | 215247 | 43789 | 21623 | 64910 | 502 | 171484 | 1405 | 1106 | 1106 | 82044 | 62857 | 0 | 19187 | 19187 | 946065 | 503884 | 442181 | 942 | 0.443604 | 0
quick-synthetic-uniform-seed-2026 | BroadcastPhaseAwareFanoutBalanced | Off | 89844.000 | 2172.078733 | 1.170618 | 0.220734 | 0.039368 | 0.039368 | 0.755691 | 0.019225 | 20482 | 303033 | 93385 | 11788 | 104671 | 502 | 332099 | 323 | 0 | 0 | 42283 | 0 | 4965 | 37318 | 42283 | 714054 | 0 | 714054 | 7838 | 0.713250 | 0
quick-synthetic-uniform-seed-2026 | BroadcastPhaseAwareFanoutBalanced | On | 59214.000 | 1591.608211 | 1.091431 | 0.204824 | 0.037569 | 0.037569 | 0.765202 | 0.016521 | 17930 | 198623 | 56176 | 9236 | 64910 | 502 | 200495 | 377 | 1106 | 1106 | 82044 | 62857 | 0 | 19187 | 19187 | 946065 | 503884 | 442181 | 942 | 0.443604 | 0

Section 3: Secondary Diagnostics
================================
scenario | grouping_policy | et_enabled | jain_fairness | variance_group_completed_tasks | variance_group_active_lane_cycles | estimated_cycles_saved_early_termination | processed_fraction_p10 | processed_fraction_p50 | processed_fraction_p90 | mean_skipped_macs_per_terminated_task
quick-mnist-sample-0 (label=7) | OutputChannelModulo | Off | 0.997868 | 1199.222222 | 626200.888889 | 0 | 0.146684 | 0.146684 | 0.146684 | 0.000000
quick-mnist-sample-0 (label=7) | OutputChannelModulo | On | 0.997124 | 4199.555556 | 375857.472222 | 56300 | 0.104007 | 0.104007 | 0.104007 | 1.261180
quick-mnist-sample-0 (label=7) | TaskRoundRobin | Off | 0.999741 | 22.555556 | 1425.888889 | 0 | 0.146684 | 0.146684 | 0.146684 | 0.000000
quick-mnist-sample-0 (label=7) | TaskRoundRobin | On | 0.999284 | 41.888889 | 19385.472222 | 56300 | 0.104007 | 0.104007 | 0.104007 | 1.261180
quick-mnist-sample-0 (label=7) | ETAwareCostBalanced | Off | 0.993212 | 60398.222222 | 2357388.888889 | 0 | 0.146684 | 0.146684 | 0.146684 | 0.000000
quick-mnist-sample-0 (label=7) | ETAwareCostBalanced | On | 0.974702 | 209215.222222 | 4901721.805556 | 56300 | 0.104007 | 0.104007 | 0.104007 | 1.261180
quick-mnist-sample-0 (label=7) | ETAwareCostBalancedMemoryAware | Off | 0.992514 | 114641.555556 | 2675492.888889 | 0 | 0.146684 | 0.146684 | 0.146684 | 0.000000
quick-mnist-sample-0 (label=7) | ETAwareCostBalancedMemoryAware | On | 0.978220 | 179164.555556 | 4248314.138889 | 56300 | 0.104007 | 0.104007 | 0.104007 | 1.261180
quick-mnist-sample-0 (label=7) | BroadcastPhaseAwareFanoutBalanced | Off | 0.996077 | 50634.555556 | 1285466.888889 | 0 | 0.146684 | 0.146684 | 0.146684 | 0.000000
quick-mnist-sample-0 (label=7) | BroadcastPhaseAwareFanoutBalanced | On | 0.997448 | 14494.222222 | 399250.472222 | 56300 | 0.104007 | 0.104007 | 0.104007 | 1.261180
quick-mnist-sample-1038 (label=1) | OutputChannelModulo | Off | 0.997888 | 453.222222 | 86632.888889 | 0 | 0.057398 | 0.057398 | 0.057398 | 0.000000
quick-mnist-sample-1038 (label=1) | OutputChannelModulo | On | 0.998533 | 1953.888889 | 48579.555556 | 25797 | 0.041950 | 0.041950 | 0.041950 | 0.546067
quick-mnist-sample-1038 (label=1) | TaskRoundRobin | Off | 0.998672 | 20.222222 | 1648.888889 | 0 | 0.057398 | 0.057398 | 0.057398 | 0.000000
quick-mnist-sample-1038 (label=1) | TaskRoundRobin | On | 0.998643 | 368.888889 | 5229.222222 | 25797 | 0.041950 | 0.041950 | 0.041950 | 0.546067
quick-mnist-sample-1038 (label=1) | ETAwareCostBalanced | Off | 0.975690 | 97428.888889 | 2838727.222222 | 0 | 0.057398 | 0.057398 | 0.057398 | 0.000000
quick-mnist-sample-1038 (label=1) | ETAwareCostBalanced | On | 0.970013 | 108482.555556 | 2315187.555556 | 25797 | 0.041950 | 0.041950 | 0.041950 | 0.546067
quick-mnist-sample-1038 (label=1) | ETAwareCostBalancedMemoryAware | Off | 0.956669 | 193748.888889 | 5212599.222222 | 0 | 0.057398 | 0.057398 | 0.057398 | 0.000000
quick-mnist-sample-1038 (label=1) | ETAwareCostBalancedMemoryAware | On | 0.980556 | 73246.555556 | 1473213.222222 | 25797 | 0.041950 | 0.041950 | 0.041950 | 0.546067
quick-mnist-sample-1038 (label=1) | BroadcastPhaseAwareFanoutBalanced | Off | 0.997854 | 8340.555556 | 169553.222222 | 0 | 0.057398 | 0.057398 | 0.057398 | 0.000000
quick-mnist-sample-1038 (label=1) | BroadcastPhaseAwareFanoutBalanced | On | 0.998347 | 4308.555556 | 82419.555556 | 25797 | 0.041950 | 0.041950 | 0.041950 | 0.546067
quick-mnist-sample-2462 (label=2) | OutputChannelModulo | Off | 0.998535 | 4304.555556 | 1776520.333333 | 0 | 0.392857 | 0.392857 | 0.392857 | 0.000000
quick-mnist-sample-2462 (label=2) | OutputChannelModulo | On | 0.998410 | 10738.555556 | 1086390.222222 | 87477 | 0.303642 | 0.303642 | 0.303642 | 2.364319
quick-mnist-sample-2462 (label=2) | TaskRoundRobin | Off | 0.999891 | 694.555556 | 75895.333333 | 0 | 0.392857 | 0.392857 | 0.392857 | 0.000000
quick-mnist-sample-2462 (label=2) | TaskRoundRobin | On | 0.999837 | 638.555556 | 45655.555556 | 87477 | 0.303642 | 0.303642 | 0.303642 | 2.364319
quick-mnist-sample-2462 (label=2) | ETAwareCostBalanced | Off | 0.996953 | 435455.555556 | 4826218.333333 | 0 | 0.392857 | 0.392857 | 0.392857 | 0.000000
quick-mnist-sample-2462 (label=2) | ETAwareCostBalanced | On | 0.993264 | 376121.222222 | 6444384.888889 | 87477 | 0.303642 | 0.303642 | 0.303642 | 2.364319
quick-mnist-sample-2462 (label=2) | ETAwareCostBalancedMemoryAware | Off | 0.996137 | 614358.888889 | 6117105.666667 | 0 | 0.392857 | 0.392857 | 0.392857 | 0.000000
quick-mnist-sample-2462 (label=2) | ETAwareCostBalancedMemoryAware | On | 0.996891 | 98616.888889 | 2843672.555556 | 87477 | 0.303642 | 0.303642 | 0.303642 | 2.364319
quick-mnist-sample-2462 (label=2) | BroadcastPhaseAwareFanoutBalanced | Off | 0.998438 | 28175.888889 | 2045539.333333 | 0 | 0.392857 | 0.392857 | 0.392857 | 0.000000
quick-mnist-sample-2462 (label=2) | BroadcastPhaseAwareFanoutBalanced | On | 0.997594 | 69665.555556 | 2027003.222222 | 87477 | 0.303642 | 0.303642 | 0.303642 | 2.364319
quick-mnist-sample-2827 (label=1) | OutputChannelModulo | Off | 0.997976 | 1077.222222 | 83448.000000 | 0 | 0.056122 | 0.056122 | 0.056122 | 0.000000
quick-mnist-sample-2827 (label=1) | OutputChannelModulo | On | 0.998484 | 2730.555556 | 53247.472222 | 26563 | 0.039913 | 0.039913 | 0.039913 | 0.559937
quick-mnist-sample-2827 (label=1) | TaskRoundRobin | Off | 0.999021 | 147.555556 | 1154.666667 | 0 | 0.056122 | 0.056122 | 0.056122 | 0.000000
quick-mnist-sample-2827 (label=1) | TaskRoundRobin | On | 0.998470 | 347.555556 | 12917.138889 | 26563 | 0.039913 | 0.039913 | 0.039913 | 0.559937
quick-mnist-sample-2827 (label=1) | ETAwareCostBalanced | Off | 0.979306 | 80393.222222 | 2309877.333333 | 0 | 0.056122 | 0.056122 | 0.056122 | 0.000000
quick-mnist-sample-2827 (label=1) | ETAwareCostBalanced | On | 0.979908 | 61248.555556 | 1449851.138889 | 26563 | 0.039913 | 0.039913 | 0.039913 | 0.559937
quick-mnist-sample-2827 (label=1) | ETAwareCostBalancedMemoryAware | Off | 0.974864 | 107675.222222 | 2869456.666667 | 0 | 0.056122 | 0.056122 | 0.056122 | 0.000000
quick-mnist-sample-2827 (label=1) | ETAwareCostBalancedMemoryAware | On | 0.964354 | 123923.555556 | 2634802.472222 | 26563 | 0.039913 | 0.039913 | 0.039913 | 0.559937
quick-mnist-sample-2827 (label=1) | BroadcastPhaseAwareFanoutBalanced | Off | 0.995159 | 23507.555556 | 487782.333333 | 0 | 0.056122 | 0.056122 | 0.056122 | 0.000000
quick-mnist-sample-2827 (label=1) | BroadcastPhaseAwareFanoutBalanced | On | 0.992330 | 25840.555556 | 527081.138889 | 26563 | 0.039913 | 0.039913 | 0.039913 | 0.559937
quick-mnist-sample-3768 (label=0) | OutputChannelModulo | Off | 0.998717 | 3736.222222 | 1592855.888889 | 0 | 0.386480 | 0.386480 | 0.386480 | 0.000000
quick-mnist-sample-3768 (label=0) | OutputChannelModulo | On | 0.998499 | 10147.222222 | 965707.888889 | 89220 | 0.297973 | 0.297973 | 0.297973 | 2.426206
quick-mnist-sample-3768 (label=0) | TaskRoundRobin | Off | 0.999906 | 508.222222 | 81408.222222 | 0 | 0.386480 | 0.386480 | 0.386480 | 0.000000
quick-mnist-sample-3768 (label=0) | TaskRoundRobin | On | 0.999782 | 402.222222 | 66848.555556 | 89220 | 0.297973 | 0.297973 | 0.297973 | 2.426206
quick-mnist-sample-3768 (label=0) | ETAwareCostBalanced | Off | 0.997043 | 469428.555556 | 4568001.888889 | 0 | 0.386480 | 0.386480 | 0.386480 | 0.000000
quick-mnist-sample-3768 (label=0) | ETAwareCostBalanced | On | 0.992747 | 295145.888889 | 6775789.555556 | 89220 | 0.297973 | 0.297973 | 0.297973 | 2.426206
quick-mnist-sample-3768 (label=0) | ETAwareCostBalancedMemoryAware | Off | 0.995740 | 589566.555556 | 6677548.888889 | 0 | 0.386480 | 0.386480 | 0.386480 | 0.000000
quick-mnist-sample-3768 (label=0) | ETAwareCostBalancedMemoryAware | On | 0.994309 | 168843.222222 | 5239196.888889 | 89220 | 0.297973 | 0.297973 | 0.297973 | 2.426206
quick-mnist-sample-3768 (label=0) | BroadcastPhaseAwareFanoutBalanced | Off | 0.998373 | 17445.555556 | 2234759.888889 | 0 | 0.386480 | 0.386480 | 0.386480 | 0.000000
quick-mnist-sample-3768 (label=0) | BroadcastPhaseAwareFanoutBalanced | On | 0.998085 | 67889.888889 | 1631130.222222 | 89220 | 0.297973 | 0.297973 | 0.297973 | 2.426206
quick-synthetic-negative-bias-seed-2026 | OutputChannelModulo | Off | 0.999845 | 270.555556 | 1417498.250000 | 0 | 0.713250 | 0.713250 | 0.713250 | 0.000000
quick-synthetic-negative-bias-seed-2026 | OutputChannelModulo | On | 0.999702 | 3174.555556 | 347050.222222 | 918838 | 0.309530 | 0.309530 | 0.309530 | 60.185039
quick-synthetic-negative-bias-seed-2026 | TaskRoundRobin | Off | 0.999943 | 10.222222 | 528589.583333 | 0 | 0.713250 | 0.713250 | 0.713250 | 0.000000
quick-synthetic-negative-bias-seed-2026 | TaskRoundRobin | On | 0.999880 | 323.222222 | 100461.222222 | 918838 | 0.309530 | 0.309530 | 0.309530 | 60.185039
quick-synthetic-negative-bias-seed-2026 | ETAwareCostBalanced | Off | 0.999801 | 1374.222222 | 2569118.583333 | 0 | 0.713250 | 0.713250 | 0.713250 | 0.000000
quick-synthetic-negative-bias-seed-2026 | ETAwareCostBalanced | On | 0.999734 | 33282.222222 | 217682.888889 | 918838 | 0.309530 | 0.309530 | 0.309530 | 60.185039
quick-synthetic-negative-bias-seed-2026 | ETAwareCostBalancedMemoryAware | Off | 0.999862 | 631.222222 | 1719652.916667 | 0 | 0.713250 | 0.713250 | 0.713250 | 0.000000
quick-synthetic-negative-bias-seed-2026 | ETAwareCostBalancedMemoryAware | On | 0.999729 | 18261.888889 | 213157.555556 | 918838 | 0.309530 | 0.309530 | 0.309530 | 60.185039
quick-synthetic-negative-bias-seed-2026 | BroadcastPhaseAwareFanoutBalanced | Off | 0.999874 | 241.888889 | 1463438.583333 | 0 | 0.713250 | 0.713250 | 0.713250 | 0.000000
quick-synthetic-negative-bias-seed-2026 | BroadcastPhaseAwareFanoutBalanced | On | 0.999707 | 6485.555556 | 337028.222222 | 918838 | 0.309530 | 0.309530 | 0.309530 | 60.185039
quick-synthetic-sparse-seed-2026 | OutputChannelModulo | Off | 0.999334 | 98.555556 | 1324680.555556 | 0 | 0.263102 | 0.263102 | 0.263102 | 0.000000
quick-synthetic-sparse-seed-2026 | OutputChannelModulo | On | 0.998987 | 910.888889 | 1026622.472222 | 486171 | 0.199253 | 0.199253 | 0.199253 | 65.952446
quick-synthetic-sparse-seed-2026 | TaskRoundRobin | Off | 0.999899 | 18.555556 | 153358.555556 | 0 | 0.263102 | 0.263102 | 0.263102 | 0.000000
quick-synthetic-sparse-seed-2026 | TaskRoundRobin | On | 0.999908 | 76.555556 | 28841.138889 | 486171 | 0.199253 | 0.199253 | 0.199253 | 65.952446
quick-synthetic-sparse-seed-2026 | ETAwareCostBalanced | Off | 0.999653 | 134.888889 | 679873.555556 | 0 | 0.263102 | 0.263102 | 0.263102 | 0.000000
quick-synthetic-sparse-seed-2026 | ETAwareCostBalanced | On | 0.999371 | 12589.555556 | 630174.472222 | 486171 | 0.199253 | 0.199253 | 0.199253 | 65.952446
quick-synthetic-sparse-seed-2026 | ETAwareCostBalancedMemoryAware | Off | 0.999490 | 69.555556 | 1103425.222222 | 0 | 0.263102 | 0.263102 | 0.263102 | 0.000000
quick-synthetic-sparse-seed-2026 | ETAwareCostBalancedMemoryAware | On | 0.999108 | 6227.555556 | 958292.472222 | 486171 | 0.199253 | 0.199253 | 0.199253 | 65.952446
quick-synthetic-sparse-seed-2026 | BroadcastPhaseAwareFanoutBalanced | Off | 0.999710 | 103.888889 | 489800.555556 | 0 | 0.263102 | 0.263102 | 0.263102 | 0.000000
quick-synthetic-sparse-seed-2026 | BroadcastPhaseAwareFanoutBalanced | On | 0.999629 | 1450.555556 | 340057.138889 | 486171 | 0.199253 | 0.199253 | 0.199253 | 65.952446
quick-synthetic-uniform-seed-2026 | OutputChannelModulo | Off | 0.999845 | 270.555556 | 1417498.250000 | 0 | 0.713250 | 0.713250 | 0.713250 | 0.000000
quick-synthetic-uniform-seed-2026 | OutputChannelModulo | On | 0.999723 | 2130.555556 | 989190.888889 | 629598 | 0.443604 | 0.443604 | 0.443604 | 56.832731
quick-synthetic-uniform-seed-2026 | TaskRoundRobin | Off | 0.999943 | 10.222222 | 528589.583333 | 0 | 0.713250 | 0.713250 | 0.713250 | 0.000000
quick-synthetic-uniform-seed-2026 | TaskRoundRobin | On | 0.999865 | 371.222222 | 280899.888889 | 629598 | 0.443604 | 0.443604 | 0.443604 | 56.832731
quick-synthetic-uniform-seed-2026 | ETAwareCostBalanced | Off | 0.999817 | 1158.222222 | 2324377.583333 | 0 | 0.713250 | 0.713250 | 0.713250 | 0.000000
quick-synthetic-uniform-seed-2026 | ETAwareCostBalanced | On | 0.999789 | 23374.888889 | 722064.222222 | 629598 | 0.443604 | 0.443604 | 0.443604 | 56.832731
quick-synthetic-uniform-seed-2026 | ETAwareCostBalancedMemoryAware | Off | 0.999946 | 547.888889 | 589065.916667 | 0 | 0.713250 | 0.713250 | 0.713250 | 0.000000
quick-synthetic-uniform-seed-2026 | ETAwareCostBalancedMemoryAware | On | 0.999924 | 11182.222222 | 86010.555556 | 629598 | 0.443604 | 0.443604 | 0.443604 | 56.832731
quick-synthetic-uniform-seed-2026 | BroadcastPhaseAwareFanoutBalanced | Off | 0.999853 | 256.888889 | 1795323.916667 | 0 | 0.713250 | 0.713250 | 0.713250 | 0.000000
quick-synthetic-uniform-seed-2026 | BroadcastPhaseAwareFanoutBalanced | On | 0.999783 | 4070.222222 | 716650.222222 | 629598 | 0.443604 | 0.443604 | 0.443604 | 56.832731

