Section 1: Benchmark Configuration
==================================
mode=detailed
suite_tiers=quick
et_mode=paired
reactive_zero_skip=On
proactive_zero_run_skip=On
zero_run_order_mode=kernel
bit_column_skip=On
warmup_iterations=0
timed_repetitions=1
grouping_policies=OutputChannelModulo,TaskRoundRobin,ETAwareCostBalanced,ETAwareCostBalancedMemoryAware,BroadcastPhaseAwareFanoutBalanced
scenario_count=8
exactness_pass=PASS
primary_invariants_pass=PASS

Section 2: Detailed Primary Metrics
===================================
scenario | grouping_policy | et_enabled | cycles_mean | wall_median_ms | throughput_macs_per_cycle | lane_occupancy | multiplier_utilization | accumulator_utilization | memory_stall_ratio | broadcast_stall_ratio | dram_bytes | onchip_buffer_bytes | activation_reuse_hits | activation_reuse_misses | weight_reuse_hits | weight_reuse_misses | memory_requests_avoided | work_stealing_events | tasks_terminated_early | output_elements_terminated_early | macs_skipped_total | macs_skipped_et_only | macs_skipped_reactive_only | macs_skipped_proactive_only | macs_skipped_zero_only | bit_steps_skipped_total | bit_steps_skipped_et_only | bit_steps_skipped_bit_column_only | zero_run_events | average_processed_fraction_per_task | mismatches
quick-mnist-sample-0 (label=7) | OutputChannelModulo | Off | 13068.000 | 575.084737 | 0.633609 | 0.368823 | 0.050112 | 0.050112 | 0.569481 | 0.055738 | 25275 | 67570 | 8165 | 115 | 8208 | 72 | 32099 | 1040 | 0 | 0 | 48168 | 0 | 31208 | 16960 | 48168 | 42665 | 0 | 42665 | 6120 | 0.146684 | 0
quick-mnist-sample-0 (label=7) | OutputChannelModulo | On | 10539.000 | 494.464904 | 0.492267 | 0.278550 | 0.041201 | 0.041201 | 0.674798 | 0.034299 | 25275 | 62741 | 5756 | 115 | 5799 | 72 | 22474 | 1165 | 4204 | 4204 | 50577 | 28687 | 14031 | 7859 | 21890 | 260832 | 232776 | 28056 | 2517 | 0.104007 | 0
quick-mnist-sample-0 (label=7) | TaskRoundRobin | Off | 13361.000 | 544.211334 | 0.619714 | 0.360735 | 0.049013 | 0.049013 | 0.596531 | 0.035647 | 25275 | 67858 | 8165 | 115 | 8208 | 72 | 31811 | 16 | 0 | 0 | 48168 | 0 | 31208 | 16960 | 48168 | 42665 | 0 | 42665 | 6120 | 0.146684 | 0
quick-mnist-sample-0 (label=7) | TaskRoundRobin | On | 10684.000 | 483.146819 | 0.485586 | 0.274770 | 0.040642 | 0.040642 | 0.693579 | 0.022336 | 25275 | 63040 | 5756 | 115 | 5799 | 72 | 22175 | 24 | 4204 | 4204 | 50577 | 28687 | 14031 | 7859 | 21890 | 260832 | 232776 | 28056 | 2517 | 0.104007 | 0
quick-mnist-sample-0 (label=7) | ETAwareCostBalanced | Off | 13207.000 | 1534.348341 | 0.626940 | 0.364941 | 0.049584 | 0.049584 | 0.562841 | 0.061623 | 25275 | 67775 | 8165 | 115 | 8208 | 72 | 31894 | 2119 | 0 | 0 | 48168 | 0 | 31208 | 16960 | 48168 | 42665 | 0 | 42665 | 6120 | 0.146684 | 0
quick-mnist-sample-0 (label=7) | ETAwareCostBalanced | On | 10429.000 | 1660.211777 | 0.497459 | 0.281488 | 0.041636 | 0.041636 | 0.656854 | 0.048657 | 25275 | 62912 | 5756 | 115 | 5799 | 72 | 22303 | 3016 | 4204 | 4204 | 50577 | 28687 | 14031 | 7859 | 21890 | 260832 | 232776 | 28056 | 2517 | 0.104007 | 0
quick-mnist-sample-0 (label=7) | ETAwareCostBalancedMemoryAware | Off | 13075.000 | 4395.983430 | 0.633270 | 0.368625 | 0.050085 | 0.050085 | 0.559598 | 0.070008 | 25275 | 67766 | 8165 | 115 | 8208 | 72 | 31903 | 4012 | 0 | 0 | 48168 | 0 | 31208 | 16960 | 48168 | 42665 | 0 | 42665 | 6120 | 0.146684 | 0
quick-mnist-sample-0 (label=7) | ETAwareCostBalancedMemoryAware | On | 10311.000 | 4001.831425 | 0.503152 | 0.284709 | 0.042113 | 0.042113 | 0.661381 | 0.051612 | 25275 | 62882 | 5756 | 115 | 5799 | 72 | 22333 | 4754 | 4204 | 4204 | 50577 | 28687 | 14031 | 7859 | 21890 | 260832 | 232776 | 28056 | 2517 | 0.104007 | 0
quick-mnist-sample-0 (label=7) | BroadcastPhaseAwareFanoutBalanced | Off | 13087.000 | 844.846824 | 0.632689 | 0.368287 | 0.050039 | 0.050039 | 0.563963 | 0.066336 | 25275 | 67627 | 8165 | 115 | 8208 | 72 | 32042 | 1030 | 0 | 0 | 48168 | 0 | 31208 | 16960 | 48168 | 42665 | 0 | 42665 | 6120 | 0.146684 | 0
quick-mnist-sample-0 (label=7) | BroadcastPhaseAwareFanoutBalanced | On | 10311.000 | 721.911034 | 0.503152 | 0.284709 | 0.042113 | 0.042113 | 0.666764 | 0.046733 | 25275 | 62806 | 5756 | 115 | 5799 | 72 | 22409 | 1044 | 4204 | 4204 | 50577 | 28687 | 14031 | 7859 | 21890 | 260832 | 232776 | 28056 | 2517 | 0.104007 | 0
quick-mnist-sample-1038 (label=1) | OutputChannelModulo | Off | 9750.000 | 437.305827 | 0.332308 | 0.379721 | 0.026282 | 0.026282 | 0.593504 | 0.012684 | 25205 | 57070 | 3195 | 45 | 3168 | 72 | 12429 | 1085 | 0 | 0 | 53208 | 0 | 34973 | 18235 | 53208 | 16695 | 0 | 16695 | 6600 | 0.057398 | 0
quick-mnist-sample-1038 (label=1) | OutputChannelModulo | On | 7942.000 | 384.843599 | 0.259381 | 0.268600 | 0.021856 | 0.021856 | 0.713674 | 0.006317 | 25205 | 55313 | 2323 | 45 | 2296 | 72 | 8954 | 1191 | 4450 | 4450 | 54080 | 30027 | 15620 | 8433 | 24053 | 252911 | 241713 | 11198 | 2639 | 0.041950 | 0
quick-mnist-sample-1038 (label=1) | TaskRoundRobin | Off | 9683.000 | 451.030460 | 0.334607 | 0.382348 | 0.026464 | 0.026464 | 0.607548 | 0.003870 | 25205 | 57358 | 3195 | 45 | 3168 | 72 | 12141 | 11 | 0 | 0 | 53208 | 0 | 34973 | 18235 | 53208 | 16695 | 0 | 16695 | 6600 | 0.057398 | 0
quick-mnist-sample-1038 (label=1) | TaskRoundRobin | On | 8124.000 | 462.448667 | 0.253570 | 0.262583 | 0.021367 | 0.021367 | 0.722947 | 0.002694 | 25205 | 55605 | 2323 | 45 | 2296 | 72 | 8662 | 42 | 4450 | 4450 | 54080 | 30027 | 15620 | 8433 | 24053 | 252911 | 241713 | 11198 | 2639 | 0.041950 | 0
quick-mnist-sample-1038 (label=1) | ETAwareCostBalanced | Off | 9547.000 | 1717.532531 | 0.339374 | 0.387795 | 0.026841 | 0.026841 | 0.579859 | 0.029870 | 25205 | 57168 | 3195 | 45 | 3168 | 72 | 12331 | 2554 | 0 | 0 | 53208 | 0 | 34973 | 18235 | 53208 | 16695 | 0 | 16695 | 6600 | 0.057398 | 0
quick-mnist-sample-1038 (label=1) | ETAwareCostBalanced | On | 7726.000 | 1434.584470 | 0.266632 | 0.276110 | 0.022467 | 0.022467 | 0.692877 | 0.022755 | 25205 | 55372 | 2323 | 45 | 2296 | 72 | 8895 | 2465 | 4450 | 4450 | 54080 | 30027 | 15620 | 8433 | 24053 | 252911 | 241713 | 11198 | 2639 | 0.041950 | 0
quick-mnist-sample-1038 (label=1) | ETAwareCostBalancedMemoryAware | Off | 9552.000 | 4796.499022 | 0.339196 | 0.387592 | 0.026827 | 0.026827 | 0.582941 | 0.027237 | 25205 | 57161 | 3195 | 45 | 3168 | 72 | 12338 | 4421 | 0 | 0 | 53208 | 0 | 34973 | 18235 | 53208 | 16695 | 0 | 16695 | 6600 | 0.057398 | 0
quick-mnist-sample-1038 (label=1) | ETAwareCostBalancedMemoryAware | On | 7856.000 | 4258.934427 | 0.262220 | 0.271541 | 0.022096 | 0.022096 | 0.696120 | 0.023641 | 25205 | 55376 | 2323 | 45 | 2296 | 72 | 8891 | 4816 | 4450 | 4450 | 54080 | 30027 | 15620 | 8433 | 24053 | 252911 | 241713 | 11198 | 2639 | 0.041950 | 0
quick-mnist-sample-1038 (label=1) | BroadcastPhaseAwareFanoutBalanced | Off | 9618.000 | 695.097662 | 0.336868 | 0.384932 | 0.026643 | 0.026643 | 0.591683 | 0.021271 | 25205 | 57110 | 3195 | 45 | 3168 | 72 | 12389 | 1002 | 0 | 0 | 53208 | 0 | 34973 | 18235 | 53208 | 16695 | 0 | 16695 | 6600 | 0.057398 | 0
quick-mnist-sample-1038 (label=1) | BroadcastPhaseAwareFanoutBalanced | On | 7860.000 | 673.778265 | 0.262087 | 0.271402 | 0.022084 | 0.022084 | 0.709496 | 0.016539 | 25205 | 55350 | 2323 | 45 | 2296 | 72 | 8917 | 1192 | 4450 | 4450 | 54080 | 30027 | 15620 | 8433 | 24053 | 252911 | 241713 | 11198 | 2639 | 0.041950 | 0
quick-mnist-sample-2462 (label=2) | OutputChannelModulo | Off | 23137.000 | 858.724985 | 0.958465 | 0.343800 | 0.075805 | 0.075805 | 0.536715 | 0.113209 | 25468 | 97269 | 21868 | 308 | 22104 | 72 | 85583 | 979 | 0 | 0 | 34272 | 0 | 21789 | 12483 | 34272 | 114268 | 0 | 114268 | 4800 | 0.392857 | 0
quick-mnist-sample-2462 (label=2) | OutputChannelModulo | On | 19097.000 | 691.649745 | 0.837618 | 0.296655 | 0.068776 | 0.068776 | 0.602342 | 0.091467 | 25468 | 87390 | 16832 | 308 | 17068 | 72 | 65246 | 953 | 3464 | 3464 | 39308 | 23556 | 9977 | 5775 | 15752 | 278285 | 194025 | 84260 | 2061 | 0.303642 | 0
quick-mnist-sample-2462 (label=2) | TaskRoundRobin | Off | 27272.000 | 874.314607 | 0.813142 | 0.291673 | 0.064311 | 0.064311 | 0.661987 | 0.041495 | 25468 | 109735 | 21868 | 308 | 22104 | 72 | 73117 | 51 | 0 | 0 | 34272 | 0 | 21789 | 12483 | 34272 | 114268 | 0 | 114268 | 4800 | 0.392857 | 0
quick-mnist-sample-2462 (label=2) | TaskRoundRobin | On | 22107.000 | 835.666365 | 0.723572 | 0.256264 | 0.059412 | 0.059412 | 0.707596 | 0.031918 | 25468 | 97063 | 16832 | 308 | 17068 | 72 | 55573 | 62 | 3464 | 3464 | 39308 | 23556 | 9977 | 5775 | 15752 | 278285 | 194025 | 84260 | 2061 | 0.303642 | 0
quick-mnist-sample-2462 (label=2) | ETAwareCostBalanced | Off | 25021.000 | 1555.038069 | 0.886296 | 0.317913 | 0.070097 | 0.070097 | 0.600825 | 0.080438 | 25468 | 101947 | 21868 | 308 | 22104 | 72 | 80905 | 1409 | 0 | 0 | 34272 | 0 | 21789 | 12483 | 34272 | 114268 | 0 | 114268 | 4800 | 0.392857 | 0
quick-mnist-sample-2462 (label=2) | ETAwareCostBalanced | On | 20344.000 | 1564.118905 | 0.786276 | 0.278471 | 0.064560 | 0.064560 | 0.645974 | 0.070139 | 25468 | 90989 | 16832 | 308 | 17068 | 72 | 61647 | 2447 | 3464 | 3464 | 39308 | 23556 | 9977 | 5775 | 15752 | 278285 | 194025 | 84260 | 2061 | 0.303642 | 0
quick-mnist-sample-2462 (label=2) | ETAwareCostBalancedMemoryAware | Off | 25033.000 | 4491.053950 | 0.885871 | 0.317761 | 0.070063 | 0.070063 | 0.592584 | 0.084365 | 25468 | 101720 | 21868 | 308 | 22104 | 72 | 81132 | 4692 | 0 | 0 | 34272 | 0 | 21789 | 12483 | 34272 | 114268 | 0 | 114268 | 4800 | 0.392857 | 0
quick-mnist-sample-2462 (label=2) | ETAwareCostBalancedMemoryAware | On | 20074.000 | 4191.253911 | 0.796852 | 0.282217 | 0.065429 | 0.065429 | 0.640397 | 0.076186 | 25468 | 90643 | 16832 | 308 | 17068 | 72 | 61993 | 4613 | 3464 | 3464 | 39308 | 23556 | 9977 | 5775 | 15752 | 278285 | 194025 | 84260 | 2061 | 0.303642 | 0
quick-mnist-sample-2462 (label=2) | BroadcastPhaseAwareFanoutBalanced | Off | 23946.000 | 1075.547134 | 0.926084 | 0.332185 | 0.073244 | 0.073244 | 0.568254 | 0.098742 | 25468 | 99345 | 21868 | 308 | 22104 | 72 | 83507 | 963 | 0 | 0 | 34272 | 0 | 21789 | 12483 | 34272 | 114268 | 0 | 114268 | 4800 | 0.392857 | 0
quick-mnist-sample-2462 (label=2) | BroadcastPhaseAwareFanoutBalanced | On | 19448.000 | 1032.356394 | 0.822501 | 0.291301 | 0.067535 | 0.067535 | 0.617379 | 0.084070 | 25468 | 88337 | 16832 | 308 | 17068 | 72 | 64299 | 1486 | 3464 | 3464 | 39308 | 23556 | 9977 | 5775 | 15752 | 278285 | 194025 | 84260 | 2061 | 0.303642 | 0
quick-mnist-sample-2827 (label=1) | OutputChannelModulo | Off | 9604.000 | 472.117520 | 0.329863 | 0.383689 | 0.026089 | 0.026089 | 0.596942 | 0.012434 | 25204 | 56920 | 3124 | 44 | 3096 | 72 | 12148 | 1074 | 0 | 0 | 53280 | 0 | 35017 | 18263 | 53280 | 16324 | 0 | 16324 | 6592 | 0.056122 | 0
quick-mnist-sample-2827 (label=1) | OutputChannelModulo | On | 7862.000 | 455.829448 | 0.246375 | 0.267295 | 0.020881 | 0.020881 | 0.716251 | 0.005600 | 25204 | 55077 | 2209 | 44 | 2181 | 72 | 8501 | 1204 | 4463 | 4463 | 54195 | 30124 | 15616 | 8455 | 24071 | 253106 | 242565 | 10541 | 2640 | 0.039913 | 0
quick-mnist-sample-2827 (label=1) | TaskRoundRobin | Off | 9574.000 | 426.775700 | 0.330896 | 0.384891 | 0.026170 | 0.026170 | 0.605230 | 0.003757 | 25204 | 57208 | 3124 | 44 | 3096 | 72 | 11860 | 24 | 0 | 0 | 53280 | 0 | 35017 | 18263 | 53280 | 16324 | 0 | 16324 | 6592 | 0.056122 | 0
quick-mnist-sample-2827 (label=1) | TaskRoundRobin | On | 8066.000 | 396.385684 | 0.240144 | 0.260535 | 0.020353 | 0.020353 | 0.723865 | 0.002466 | 25204 | 55344 | 2209 | 44 | 2181 | 72 | 8234 | 39 | 4463 | 4463 | 54195 | 30124 | 15616 | 8455 | 24071 | 253106 | 242565 | 10541 | 2640 | 0.039913 | 0
quick-mnist-sample-2827 (label=1) | ETAwareCostBalanced | Off | 9488.000 | 1044.570018 | 0.333895 | 0.388379 | 0.026408 | 0.026408 | 0.586563 | 0.023006 | 25204 | 56998 | 3124 | 44 | 3096 | 72 | 12070 | 1899 | 0 | 0 | 53280 | 0 | 35017 | 18263 | 53280 | 16324 | 0 | 16324 | 6592 | 0.056122 | 0
quick-mnist-sample-2827 (label=1) | ETAwareCostBalanced | On | 7807.000 | 1253.158414 | 0.248111 | 0.269178 | 0.021028 | 0.021028 | 0.700959 | 0.015463 | 25204 | 55181 | 2209 | 44 | 2181 | 72 | 8397 | 2140 | 4463 | 4463 | 54195 | 30124 | 15616 | 8455 | 24071 | 253106 | 242565 | 10541 | 2640 | 0.039913 | 0
quick-mnist-sample-2827 (label=1) | ETAwareCostBalancedMemoryAware | Off | 9547.000 | 2471.186429 | 0.331832 | 0.385979 | 0.026244 | 0.026244 | 0.583252 | 0.025022 | 25204 | 57014 | 3124 | 44 | 3096 | 72 | 12054 | 3270 | 0 | 0 | 53280 | 0 | 35017 | 18263 | 53280 | 16324 | 0 | 16324 | 6592 | 0.056122 | 0
quick-mnist-sample-2827 (label=1) | ETAwareCostBalancedMemoryAware | On | 7674.000 | 2161.810507 | 0.252411 | 0.273843 | 0.021393 | 0.021393 | 0.697098 | 0.023188 | 25204 | 55079 | 2209 | 44 | 2181 | 72 | 8499 | 3567 | 4463 | 4463 | 54195 | 30124 | 15616 | 8455 | 24071 | 253106 | 242565 | 10541 | 2640 | 0.039913 | 0
quick-mnist-sample-2827 (label=1) | BroadcastPhaseAwareFanoutBalanced | Off | 9573.000 | 646.602810 | 0.330931 | 0.384931 | 0.026173 | 0.026173 | 0.592462 | 0.020207 | 25204 | 56978 | 3124 | 44 | 3096 | 72 | 12090 | 799 | 0 | 0 | 53280 | 0 | 35017 | 18263 | 53280 | 16324 | 0 | 16324 | 6592 | 0.056122 | 0
quick-mnist-sample-2827 (label=1) | BroadcastPhaseAwareFanoutBalanced | On | 7765.000 | 647.616916 | 0.249453 | 0.270634 | 0.021142 | 0.021142 | 0.707348 | 0.014703 | 25204 | 55123 | 2209 | 44 | 2181 | 72 | 8455 | 931 | 4463 | 4463 | 54195 | 30124 | 15616 | 8455 | 24071 | 253106 | 242565 | 10541 | 2640 | 0.039913 | 0
quick-mnist-sample-3768 (label=0) | OutputChannelModulo | Off | 22907.000 | 787.753241 | 0.952373 | 0.343684 | 0.075323 | 0.075323 | 0.539226 | 0.111907 | 25463 | 96514 | 21513 | 303 | 21744 | 72 | 84183 | 976 | 0 | 0 | 34632 | 0 | 21914 | 12718 | 34632 | 112413 | 0 | 112413 | 4944 | 0.386480 | 0
quick-mnist-sample-3768 (label=0) | OutputChannelModulo | On | 18922.000 | 693.434454 | 0.827080 | 0.295585 | 0.067927 | 0.067927 | 0.606692 | 0.089368 | 25463 | 86567 | 16517 | 303 | 16748 | 72 | 64154 | 956 | 3442 | 3442 | 39628 | 23417 | 10194 | 6017 | 16211 | 275625 | 193046 | 82579 | 2206 | 0.297973 | 0
quick-mnist-sample-3768 (label=0) | TaskRoundRobin | Off | 26911.000 | 835.186795 | 0.810672 | 0.292549 | 0.064116 | 0.064116 | 0.661262 | 0.041042 | 25463 | 108772 | 21513 | 303 | 21744 | 72 | 71925 | 56 | 0 | 0 | 34632 | 0 | 21914 | 12718 | 34632 | 112413 | 0 | 112413 | 4944 | 0.386480 | 0
quick-mnist-sample-3768 (label=0) | TaskRoundRobin | On | 21866.000 | 777.613066 | 0.715723 | 0.255788 | 0.058781 | 0.058781 | 0.705734 | 0.031172 | 25463 | 96181 | 16517 | 303 | 16748 | 72 | 54540 | 53 | 3442 | 3442 | 39628 | 23417 | 10194 | 6017 | 16211 | 275625 | 193046 | 82579 | 2206 | 0.297973 | 0
quick-mnist-sample-3768 (label=0) | ETAwareCostBalanced | Off | 24795.000 | 1670.077795 | 0.879855 | 0.317515 | 0.069587 | 0.069587 | 0.599379 | 0.082314 | 25463 | 101016 | 21513 | 303 | 21744 | 72 | 79681 | 1585 | 0 | 0 | 34632 | 0 | 21914 | 12718 | 34632 | 112413 | 0 | 112413 | 4944 | 0.386480 | 0
quick-mnist-sample-3768 (label=0) | ETAwareCostBalanced | On | 20009.000 | 1788.627533 | 0.782148 | 0.279527 | 0.064236 | 0.064236 | 0.642844 | 0.069999 | 25463 | 90114 | 16517 | 303 | 16748 | 72 | 60607 | 2775 | 3442 | 3442 | 39628 | 23417 | 10194 | 6017 | 16211 | 275625 | 193046 | 82579 | 2206 | 0.297973 | 0
quick-mnist-sample-3768 (label=0) | ETAwareCostBalancedMemoryAware | Off | 24931.000 | 4174.491099 | 0.875055 | 0.315783 | 0.069208 | 0.069208 | 0.597243 | 0.081051 | 25463 | 101569 | 21513 | 303 | 21744 | 72 | 79128 | 4571 | 0 | 0 | 34632 | 0 | 21914 | 12718 | 34632 | 112413 | 0 | 112413 | 4944 | 0.386480 | 0
quick-mnist-sample-3768 (label=0) | ETAwareCostBalancedMemoryAware | On | 19771.000 | 4201.545493 | 0.791563 | 0.282892 | 0.065010 | 0.065010 | 0.640314 | 0.073997 | 25463 | 89911 | 16517 | 303 | 16748 | 72 | 60810 | 4914 | 3442 | 3442 | 39628 | 23417 | 10194 | 6017 | 16211 | 275625 | 193046 | 82579 | 2206 | 0.297973 | 0
quick-mnist-sample-3768 (label=0) | BroadcastPhaseAwareFanoutBalanced | Off | 23453.000 | 1149.936113 | 0.930201 | 0.335683 | 0.073569 | 0.073569 | 0.565557 | 0.097878 | 25463 | 98121 | 21513 | 303 | 21744 | 72 | 82576 | 1121 | 0 | 0 | 34632 | 0 | 21914 | 12718 | 34632 | 112413 | 0 | 112413 | 4944 | 0.386480 | 0
quick-mnist-sample-3768 (label=0) | BroadcastPhaseAwareFanoutBalanced | On | 19037.000 | 1047.625298 | 0.822083 | 0.293799 | 0.067516 | 0.067516 | 0.614463 | 0.088471 | 25463 | 87403 | 16517 | 303 | 16748 | 72 | 63318 | 1619 | 3442 | 3442 | 39628 | 23417 | 10194 | 6017 | 16211 | 275625 | 193046 | 82579 | 2206 | 0.297973 | 0
quick-synthetic-negative-bias-seed-2026 | OutputChannelModulo | Off | 78492.000 | 2018.818003 | 1.339920 | 0.267686 | 0.045061 | 0.045061 | 0.691267 | 0.034724 | 11998 | 276247 | 101869 | 3304 | 104671 | 502 | 367369 | 312 | 0 | 0 | 42283 | 0 | 25792 | 16491 | 42283 | 714054 | 0 | 714054 | 8244 | 0.713250 | 0
quick-synthetic-negative-bias-seed-2026 | OutputChannelModulo | On | 41709.000 | 1151.276558 | 1.065909 | 0.215335 | 0.037419 | 0.037419 | 0.745900 | 0.017994 | 14146 | 141433 | 40190 | 5452 | 45140 | 502 | 142849 | 295 | 1524 | 1524 | 101814 | 91722 | 6237 | 3855 | 10092 | 1042726 | 735394 | 307332 | 1958 | 0.309530 | 0
quick-synthetic-negative-bias-seed-2026 | TaskRoundRobin | Off | 103904.000 | 2881.633853 | 1.012213 | 0.202217 | 0.034041 | 0.034041 | 0.781070 | 0.010177 | 23294 | 327163 | 90573 | 14600 | 104671 | 502 | 305157 | 7 | 0 | 0 | 42283 | 0 | 25792 | 16491 | 42283 | 714054 | 0 | 714054 | 8244 | 0.713250 | 0
quick-synthetic-negative-bias-seed-2026 | TaskRoundRobin | On | 48943.000 | 1530.018707 | 0.908363 | 0.183507 | 0.031889 | 0.031889 | 0.785468 | 0.008819 | 27310 | 153425 | 27026 | 18616 | 45140 | 502 | 117693 | 47 | 1524 | 1524 | 101814 | 91722 | 6237 | 3855 | 10092 | 1042726 | 735394 | 307332 | 1958 | 0.309530 | 0
quick-synthetic-negative-bias-seed-2026 | ETAwareCostBalanced | Off | 101247.000 | 2664.229824 | 1.038776 | 0.207524 | 0.034934 | 0.034934 | 0.775280 | 0.012422 | 46463 | 320915 | 67404 | 37769 | 104671 | 502 | 288236 | 204 | 0 | 0 | 42283 | 0 | 25792 | 16491 | 42283 | 714054 | 0 | 714054 | 8244 | 0.713250 | 0
quick-synthetic-negative-bias-seed-2026 | ETAwareCostBalanced | On | 47835.000 | 1384.076269 | 0.929403 | 0.187758 | 0.032627 | 0.032627 | 0.787237 | 0.010389 | 25503 | 152427 | 28833 | 16809 | 45140 | 502 | 120498 | 477 | 1524 | 1524 | 101814 | 91722 | 6237 | 3855 | 10092 | 1042726 | 735394 | 307332 | 1958 | 0.309530 | 0
quick-synthetic-negative-bias-seed-2026 | ETAwareCostBalancedMemoryAware | Off | 107912.000 | 2888.380170 | 0.974618 | 0.194707 | 0.032776 | 0.032776 | 0.789590 | 0.010993 | 42035 | 330781 | 71832 | 33341 | 104671 | 502 | 282798 | 1018 | 0 | 0 | 42283 | 0 | 25792 | 16491 | 42283 | 714054 | 0 | 714054 | 8244 | 0.713250 | 0
quick-synthetic-negative-bias-seed-2026 | ETAwareCostBalancedMemoryAware | On | 52052.000 | 2050.533875 | 0.854107 | 0.172546 | 0.029984 | 0.029984 | 0.802257 | 0.008845 | 24867 | 156799 | 29469 | 16173 | 45140 | 502 | 116762 | 1481 | 1524 | 1524 | 101814 | 91722 | 6237 | 3855 | 10092 | 1042726 | 735394 | 307332 | 1958 | 0.309530 | 0
quick-synthetic-negative-bias-seed-2026 | BroadcastPhaseAwareFanoutBalanced | Off | 89907.000 | 2334.023071 | 1.169798 | 0.233699 | 0.039340 | 0.039340 | 0.741390 | 0.020113 | 19985 | 301552 | 93882 | 11291 | 104671 | 502 | 334077 | 322 | 0 | 0 | 42283 | 0 | 25792 | 16491 | 42283 | 714054 | 0 | 714054 | 8244 | 0.713250 | 0
quick-synthetic-negative-bias-seed-2026 | BroadcastPhaseAwareFanoutBalanced | On | 44064.000 | 1363.848608 | 1.008942 | 0.203826 | 0.035419 | 0.035419 | 0.764579 | 0.013740 | 16815 | 146115 | 37521 | 8121 | 45140 | 502 | 135498 | 407 | 1524 | 1524 | 101814 | 91722 | 6237 | 3855 | 10092 | 1042726 | 735394 | 307332 | 1958 | 0.309530 | 0
quick-synthetic-sparse-seed-2026 | OutputChannelModulo | Off | 28403.000 | 949.891696 | 1.365912 | 0.381703 | 0.048499 | 0.048499 | 0.556905 | 0.051119 | 9353 | 102257 | 38167 | 629 | 38264 | 532 | 145742 | 361 | 0 | 0 | 108660 | 0 | 44179 | 64481 | 108660 | 260777 | 0 | 260777 | 21074 | 0.263102 | 0
quick-synthetic-sparse-seed-2026 | OutputChannelModulo | On | 23426.000 | 807.539395 | 1.230513 | 0.334838 | 0.044680 | 0.044680 | 0.607160 | 0.044826 | 9353 | 83923 | 28752 | 629 | 28849 | 532 | 107586 | 343 | 736 | 736 | 118075 | 48541 | 28374 | 41160 | 69534 | 585696 | 389089 | 196607 | 13484 | 0.199253 | 0
quick-synthetic-sparse-seed-2026 | TaskRoundRobin | Off | 38513.000 | 1111.423354 | 1.007348 | 0.281502 | 0.035768 | 0.035768 | 0.696785 | 0.014991 | 9353 | 125939 | 38167 | 629 | 38264 | 532 | 122060 | 9 | 0 | 0 | 108660 | 0 | 44179 | 64481 | 108660 | 260777 | 0 | 260777 | 21074 | 0.263102 | 0
quick-synthetic-sparse-seed-2026 | TaskRoundRobin | On | 30534.000 | 892.109698 | 0.944062 | 0.256891 | 0.034279 | 0.034279 | 0.720611 | 0.013064 | 9353 | 101563 | 28752 | 629 | 28849 | 532 | 89946 | 23 | 736 | 736 | 118075 | 48541 | 28374 | 41160 | 69534 | 585696 | 389089 | 196607 | 13484 | 0.199253 | 0
quick-synthetic-sparse-seed-2026 | ETAwareCostBalanced | Off | 36515.000 | 1063.635761 | 1.062467 | 0.296905 | 0.037725 | 0.037725 | 0.674508 | 0.020100 | 9353 | 122245 | 38167 | 629 | 38264 | 532 | 125754 | 227 | 0 | 0 | 108660 | 0 | 44179 | 64481 | 108660 | 260777 | 0 | 260777 | 21074 | 0.263102 | 0
quick-synthetic-sparse-seed-2026 | ETAwareCostBalanced | On | 29329.000 | 978.805170 | 0.982850 | 0.267446 | 0.035687 | 0.035687 | 0.702126 | 0.017765 | 9353 | 98736 | 28752 | 629 | 28849 | 532 | 92773 | 298 | 736 | 736 | 118075 | 48541 | 28374 | 41160 | 69534 | 585696 | 389089 | 196607 | 13484 | 0.199253 | 0
quick-synthetic-sparse-seed-2026 | ETAwareCostBalancedMemoryAware | Off | 38026.000 | 1361.581126 | 1.020249 | 0.285108 | 0.036226 | 0.036226 | 0.690341 | 0.016667 | 9353 | 126510 | 38167 | 629 | 38264 | 532 | 121489 | 1191 | 0 | 0 | 108660 | 0 | 44179 | 64481 | 108660 | 260777 | 0 | 260777 | 21074 | 0.263102 | 0
quick-synthetic-sparse-seed-2026 | ETAwareCostBalancedMemoryAware | On | 29597.000 | 1537.689817 | 0.973950 | 0.265024 | 0.035364 | 0.035364 | 0.713255 | 0.015976 | 9353 | 100688 | 28752 | 629 | 28849 | 532 | 90821 | 1368 | 736 | 736 | 118075 | 48541 | 28374 | 41160 | 69534 | 585696 | 389089 | 196607 | 13484 | 0.199253 | 0
quick-synthetic-sparse-seed-2026 | BroadcastPhaseAwareFanoutBalanced | Off | 34096.000 | 1177.708713 | 1.137846 | 0.317970 | 0.040401 | 0.040401 | 0.646378 | 0.027229 | 9353 | 116304 | 38167 | 629 | 38264 | 532 | 131695 | 289 | 0 | 0 | 108660 | 0 | 44179 | 64481 | 108660 | 260777 | 0 | 260777 | 21074 | 0.263102 | 0
quick-synthetic-sparse-seed-2026 | BroadcastPhaseAwareFanoutBalanced | On | 26808.000 | 880.558168 | 1.075276 | 0.292596 | 0.039043 | 0.039043 | 0.670307 | 0.025140 | 9353 | 92697 | 28752 | 629 | 28849 | 532 | 98812 | 350 | 736 | 736 | 118075 | 48541 | 28374 | 41160 | 69534 | 585696 | 389089 | 196607 | 13484 | 0.199253 | 0
quick-synthetic-uniform-seed-2026 | OutputChannelModulo | Off | 78492.000 | 2057.120851 | 1.339920 | 0.267686 | 0.045061 | 0.045061 | 0.691267 | 0.034724 | 11998 | 276247 | 101869 | 3304 | 104671 | 502 | 367369 | 312 | 0 | 0 | 42283 | 0 | 25792 | 16491 | 42283 | 714054 | 0 | 714054 | 8244 | 0.713250 | 0
quick-synthetic-uniform-seed-2026 | OutputChannelModulo | On | 56181.000 | 1471.682369 | 1.150353 | 0.230192 | 0.039598 | 0.039598 | 0.733911 | 0.021603 | 14378 | 190391 | 59728 | 5684 | 64910 | 502 | 212279 | 295 | 1106 | 1106 | 82044 | 62857 | 11619 | 7568 | 19187 | 946065 | 503884 | 442181 | 3794 | 0.443604 | 0
quick-synthetic-uniform-seed-2026 | TaskRoundRobin | Off | 103904.000 | 2363.733900 | 1.012213 | 0.202217 | 0.034041 | 0.034041 | 0.781070 | 0.010177 | 23294 | 327163 | 90573 | 14600 | 104671 | 502 | 305157 | 7 | 0 | 0 | 42283 | 0 | 25792 | 16491 | 42283 | 714054 | 0 | 714054 | 8244 | 0.713250 | 0
quick-synthetic-uniform-seed-2026 | TaskRoundRobin | On | 66843.000 | 1766.470028 | 0.966863 | 0.193474 | 0.033282 | 0.033282 | 0.782831 | 0.009606 | 29711 | 210775 | 44395 | 21017 | 64910 | 502 | 176562 | 52 | 1106 | 1106 | 82044 | 62857 | 11619 | 7568 | 19187 | 946065 | 503884 | 442181 | 3794 | 0.443604 | 0
quick-synthetic-uniform-seed-2026 | ETAwareCostBalanced | Off | 101970.000 | 2539.000154 | 1.031411 | 0.206053 | 0.034686 | 0.034686 | 0.773646 | 0.012235 | 47566 | 321669 | 66301 | 38872 | 104671 | 502 | 286379 | 198 | 0 | 0 | 42283 | 0 | 25792 | 16491 | 42283 | 714054 | 0 | 714054 | 8244 | 0.713250 | 0
quick-synthetic-uniform-seed-2026 | ETAwareCostBalanced | On | 66066.000 | 1670.924990 | 0.978234 | 0.195750 | 0.033673 | 0.033673 | 0.781186 | 0.011227 | 32595 | 209011 | 41511 | 23901 | 64910 | 502 | 175442 | 391 | 1106 | 1106 | 82044 | 62857 | 11619 | 7568 | 19187 | 946065 | 503884 | 442181 | 3794 | 0.443604 | 0
quick-synthetic-uniform-seed-2026 | ETAwareCostBalancedMemoryAware | Off | 106844.000 | 2763.938134 | 0.984360 | 0.196653 | 0.033104 | 0.033104 | 0.787664 | 0.010571 | 46779 | 329162 | 67088 | 38085 | 104671 | 502 | 279673 | 1169 | 0 | 0 | 42283 | 0 | 25792 | 16491 | 42283 | 714054 | 0 | 714054 | 8244 | 0.713250 | 0
quick-synthetic-uniform-seed-2026 | ETAwareCostBalancedMemoryAware | On | 71205.000 | 2174.751125 | 0.907633 | 0.181622 | 0.031243 | 0.031243 | 0.798743 | 0.009826 | 30779 | 215508 | 43327 | 22085 | 64910 | 502 | 170761 | 1440 | 1106 | 1106 | 82044 | 62857 | 11619 | 7568 | 19187 | 946065 | 503884 | 442181 | 3794 | 0.443604 | 0
quick-synthetic-uniform-seed-2026 | BroadcastPhaseAwareFanoutBalanced | Off | 90689.000 | 2291.468953 | 1.159711 | 0.231684 | 0.039001 | 0.039001 | 0.744194 | 0.019054 | 21408 | 303265 | 92459 | 12714 | 104671 | 502 | 330941 | 337 | 0 | 0 | 42283 | 0 | 25792 | 16491 | 42283 | 714054 | 0 | 714054 | 8244 | 0.713250 | 0
quick-synthetic-uniform-seed-2026 | BroadcastPhaseAwareFanoutBalanced | On | 59699.000 | 1605.877313 | 1.082564 | 0.216627 | 0.037264 | 0.037264 | 0.754557 | 0.016199 | 17073 | 198769 | 57033 | 8379 | 64910 | 502 | 201206 | 333 | 1106 | 1106 | 82044 | 62857 | 11619 | 7568 | 19187 | 946065 | 503884 | 442181 | 3794 | 0.443604 | 0

Section 3: Secondary Diagnostics
================================
scenario | grouping_policy | et_enabled | jain_fairness | variance_group_completed_tasks | variance_group_active_lane_cycles | estimated_cycles_saved_early_termination | processed_fraction_p10 | processed_fraction_p50 | processed_fraction_p90 | mean_skipped_macs_per_terminated_task
quick-mnist-sample-0 (label=7) | OutputChannelModulo | Off | 0.993815 | 331.888889 | 4997278.888889 | 0 | 0.146684 | 0.146684 | 0.146684 | 0.000000
quick-mnist-sample-0 (label=7) | OutputChannelModulo | On | 0.975993 | 11537.222222 | 7473432.805556 | 290150 | 0.104007 | 0.104007 | 0.104007 | 6.823739
quick-mnist-sample-0 (label=7) | TaskRoundRobin | Off | 0.999713 | 50.222222 | 17297.222222 | 0 | 0.146684 | 0.146684 | 0.146684 | 0.000000
quick-mnist-sample-0 (label=7) | TaskRoundRobin | On | 0.999557 | 80.555556 | 19752.138889 | 290150 | 0.104007 | 0.104007 | 0.104007 | 6.823739
quick-mnist-sample-0 (label=7) | ETAwareCostBalanced | Off | 0.993577 | 12714.555556 | 5251675.888889 | 0 | 0.146684 | 0.146684 | 0.146684 | 0.000000
quick-mnist-sample-0 (label=7) | ETAwareCostBalanced | On | 0.965202 | 224301.888889 | 11035386.472222 | 290150 | 0.104007 | 0.104007 | 0.104007 | 6.823739
quick-mnist-sample-0 (label=7) | ETAwareCostBalancedMemoryAware | Off | 0.993539 | 37485.888889 | 5320655.888889 | 0 | 0.146684 | 0.146684 | 0.146684 | 0.000000
quick-mnist-sample-0 (label=7) | ETAwareCostBalancedMemoryAware | On | 0.961326 | 312033.555556 | 12386999.805556 | 290150 | 0.104007 | 0.104007 | 0.104007 | 6.823739
quick-mnist-sample-0 (label=7) | BroadcastPhaseAwareFanoutBalanced | Off | 0.996620 | 25842.888889 | 2723065.555556 | 0 | 0.146684 | 0.146684 | 0.146684 | 0.000000
quick-mnist-sample-0 (label=7) | BroadcastPhaseAwareFanoutBalanced | On | 0.973487 | 4976.222222 | 8352930.138889 | 290150 | 0.104007 | 0.104007 | 0.104007 | 6.823739
quick-mnist-sample-1038 (label=1) | OutputChannelModulo | Off | 0.988708 | 3803.555556 | 5476392.222222 | 0 | 0.057398 | 0.057398 | 0.057398 | 0.000000
quick-mnist-sample-1038 (label=1) | OutputChannelModulo | On | 0.951062 | 9056.888889 | 8285965.555556 | 301767 | 0.041950 | 0.041950 | 0.041950 | 6.747640
quick-mnist-sample-1038 (label=1) | TaskRoundRobin | Off | 0.999676 | 18.222222 | 5953.222222 | 0 | 0.057398 | 0.057398 | 0.057398 | 0.000000
quick-mnist-sample-1038 (label=1) | TaskRoundRobin | On | 0.998748 | 247.888889 | 1398.222222 | 301767 | 0.041950 | 0.041950 | 0.041950 | 6.747640
quick-mnist-sample-1038 (label=1) | ETAwareCostBalanced | Off | 0.993509 | 54461.222222 | 3113401.888889 | 0 | 0.057398 | 0.057398 | 0.057398 | 0.000000
quick-mnist-sample-1038 (label=1) | ETAwareCostBalanced | On | 0.880608 | 192355.888889 | 22189896.555556 | 301767 | 0.041950 | 0.041950 | 0.041950 | 6.747640
quick-mnist-sample-1038 (label=1) | ETAwareCostBalancedMemoryAware | Off | 0.988661 | 35549.888889 | 5554702.222222 | 0 | 0.057398 | 0.057398 | 0.057398 | 0.000000
quick-mnist-sample-1038 (label=1) | ETAwareCostBalancedMemoryAware | On | 0.933992 | 80523.888889 | 11545759.222222 | 301767 | 0.041950 | 0.041950 | 0.041950 | 6.747640
quick-mnist-sample-1038 (label=1) | BroadcastPhaseAwareFanoutBalanced | Off | 0.985511 | 1435.222222 | 7129603.888889 | 0 | 0.057398 | 0.057398 | 0.057398 | 0.000000
quick-mnist-sample-1038 (label=1) | BroadcastPhaseAwareFanoutBalanced | On | 0.939738 | 18010.888889 | 10401318.555556 | 301767 | 0.041950 | 0.041950 | 0.041950 | 6.747640
quick-mnist-sample-2462 (label=2) | OutputChannelModulo | Off | 0.998089 | 2819.888889 | 3528121.333333 | 0 | 0.392857 | 0.392857 | 0.392857 | 0.000000
quick-mnist-sample-2462 (label=2) | OutputChannelModulo | On | 0.995536 | 8372.222222 | 4799089.555556 | 241137 | 0.303642 | 0.303642 | 0.303642 | 6.800231
quick-mnist-sample-2462 (label=2) | TaskRoundRobin | Off | 0.999863 | 382.222222 | 142286.333333 | 0 | 0.392857 | 0.392857 | 0.392857 | 0.000000
quick-mnist-sample-2462 (label=2) | TaskRoundRobin | On | 0.999820 | 569.555556 | 37759.222222 | 241137 | 0.303642 | 0.303642 | 0.303642 | 6.800231
quick-mnist-sample-2462 (label=2) | ETAwareCostBalanced | Off | 0.993705 | 519833.222222 | 13936579.333333 | 0 | 0.392857 | 0.392857 | 0.392857 | 0.000000
quick-mnist-sample-2462 (label=2) | ETAwareCostBalanced | On | 0.993363 | 391878.888889 | 7444439.555556 | 241137 | 0.303642 | 0.303642 | 0.303642 | 6.800231
quick-mnist-sample-2462 (label=2) | ETAwareCostBalancedMemoryAware | Off | 0.993067 | 272314.888889 | 15441959.333333 | 0 | 0.392857 | 0.392857 | 0.392857 | 0.000000
quick-mnist-sample-2462 (label=2) | ETAwareCostBalancedMemoryAware | On | 0.991330 | 90492.222222 | 9765757.555556 | 241137 | 0.303642 | 0.303642 | 0.303642 | 6.800231
quick-mnist-sample-2462 (label=2) | BroadcastPhaseAwareFanoutBalanced | Off | 0.997546 | 15230.555556 | 5136937.333333 | 0 | 0.392857 | 0.392857 | 0.392857 | 0.000000
quick-mnist-sample-2462 (label=2) | BroadcastPhaseAwareFanoutBalanced | On | 0.994952 | 104324.555556 | 5594386.555556 | 241137 | 0.303642 | 0.303642 | 0.303642 | 6.800231
quick-mnist-sample-2827 (label=1) | OutputChannelModulo | Off | 0.989012 | 3241.555556 | 5324815.555556 | 0 | 0.056122 | 0.056122 | 0.056122 | 0.000000
quick-mnist-sample-2827 (label=1) | OutputChannelModulo | On | 0.948346 | 10056.555556 | 8497013.805556 | 302813 | 0.039913 | 0.039913 | 0.039913 | 6.749720
quick-mnist-sample-2827 (label=1) | TaskRoundRobin | Off | 0.999786 | 75.222222 | 9814.222222 | 0 | 0.056122 | 0.056122 | 0.056122 | 0.000000
quick-mnist-sample-2827 (label=1) | TaskRoundRobin | On | 0.999188 | 210.888889 | 4691.138889 | 302813 | 0.039913 | 0.039913 | 0.039913 | 6.749720
quick-mnist-sample-2827 (label=1) | ETAwareCostBalanced | Off | 0.988876 | 38945.222222 | 5450618.222222 | 0 | 0.056122 | 0.056122 | 0.056122 | 0.000000
quick-mnist-sample-2827 (label=1) | ETAwareCostBalanced | On | 0.964468 | 42643.222222 | 5826368.805556 | 302813 | 0.039913 | 0.039913 | 0.039913 | 6.749720
quick-mnist-sample-2827 (label=1) | ETAwareCostBalancedMemoryAware | Off | 0.990286 | 42548.888889 | 4777804.222222 | 0 | 0.056122 | 0.056122 | 0.056122 | 0.000000
quick-mnist-sample-2827 (label=1) | ETAwareCostBalancedMemoryAware | On | 0.972531 | 108723.555556 | 4460297.805556 | 302813 | 0.039913 | 0.039913 | 0.039913 | 6.749720
quick-mnist-sample-2827 (label=1) | BroadcastPhaseAwareFanoutBalanced | Off | 0.984614 | 5977.555556 | 7543731.222222 | 0 | 0.056122 | 0.056122 | 0.056122 | 0.000000
quick-mnist-sample-2827 (label=1) | BroadcastPhaseAwareFanoutBalanced | On | 0.950379 | 8183.555556 | 8190080.472222 | 302813 | 0.039913 | 0.039913 | 0.039913 | 6.749720
quick-mnist-sample-3768 (label=0) | OutputChannelModulo | Off | 0.998077 | 2051.555556 | 3495382.222222 | 0 | 0.386480 | 0.386480 | 0.386480 | 0.000000
quick-mnist-sample-3768 (label=0) | OutputChannelModulo | On | 0.995522 | 8693.222222 | 4629666.555556 | 239880 | 0.297973 | 0.297973 | 0.297973 | 6.803312
quick-mnist-sample-3768 (label=0) | TaskRoundRobin | Off | 0.999891 | 438.555556 | 130054.555556 | 0 | 0.386480 | 0.386480 | 0.386480 | 0.000000
quick-mnist-sample-3768 (label=0) | TaskRoundRobin | On | 0.999815 | 399.222222 | 59957.888889 | 239880 | 0.297973 | 0.297973 | 0.297973 | 6.803312
quick-mnist-sample-3768 (label=0) | ETAwareCostBalanced | Off | 0.995515 | 419575.222222 | 9584822.555556 | 0 | 0.386480 | 0.386480 | 0.386480 | 0.000000
quick-mnist-sample-3768 (label=0) | ETAwareCostBalanced | On | 0.996814 | 264672.888889 | 3332753.555556 | 239880 | 0.297973 | 0.297973 | 0.297973 | 6.803312
quick-mnist-sample-3768 (label=0) | ETAwareCostBalancedMemoryAware | Off | 0.996350 | 330117.888889 | 7944230.555556 | 0 | 0.386480 | 0.386480 | 0.386480 | 0.000000
quick-mnist-sample-3768 (label=0) | ETAwareCostBalancedMemoryAware | On | 0.992528 | 116779.222222 | 8247529.222222 | 239880 | 0.297973 | 0.297973 | 0.297973 | 6.803312
quick-mnist-sample-3768 (label=0) | BroadcastPhaseAwareFanoutBalanced | Off | 0.997906 | 11316.555556 | 3848969.888889 | 0 | 0.386480 | 0.386480 | 0.386480 | 0.000000
quick-mnist-sample-3768 (label=0) | BroadcastPhaseAwareFanoutBalanced | On | 0.993267 | 102553.888889 | 7271894.888889 | 239880 | 0.297973 | 0.297973 | 0.297973 | 6.803312
quick-synthetic-negative-bias-seed-2026 | OutputChannelModulo | Off | 0.999671 | 233.888889 | 4234676.472222 | 0 | 0.713250 | 0.713250 | 0.713250 | 0.000000
quick-synthetic-negative-bias-seed-2026 | OutputChannelModulo | On | 0.999598 | 3026.222222 | 392062.888889 | 918838 | 0.309530 | 0.309530 | 0.309530 | 60.185039
quick-synthetic-negative-bias-seed-2026 | TaskRoundRobin | Off | 0.999915 | 8.555556 | 552861.805556 | 0 | 0.713250 | 0.713250 | 0.713250 | 0.000000
quick-synthetic-negative-bias-seed-2026 | TaskRoundRobin | On | 0.999793 | 328.222222 | 155657.888889 | 918838 | 0.309530 | 0.309530 | 0.309530 | 60.185039
quick-synthetic-negative-bias-seed-2026 | ETAwareCostBalanced | Off | 0.999014 | 1289.555556 | 15165702.472222 | 0 | 0.713250 | 0.713250 | 0.713250 | 0.000000
quick-synthetic-negative-bias-seed-2026 | ETAwareCostBalanced | On | 0.999740 | 31444.222222 | 269792.222222 | 918838 | 0.309530 | 0.309530 | 0.309530 | 60.185039
quick-synthetic-negative-bias-seed-2026 | ETAwareCostBalancedMemoryAware | Off | 0.999683 | 556.888889 | 4561482.805556 | 0 | 0.713250 | 0.713250 | 0.713250 | 0.000000
quick-synthetic-negative-bias-seed-2026 | ETAwareCostBalancedMemoryAware | On | 0.999617 | 18735.555556 | 294889.555556 | 918838 | 0.309530 | 0.309530 | 0.309530 | 60.185039
quick-synthetic-negative-bias-seed-2026 | BroadcastPhaseAwareFanoutBalanced | Off | 0.999761 | 219.555556 | 3346453.138889 | 0 | 0.713250 | 0.713250 | 0.713250 | 0.000000
quick-synthetic-negative-bias-seed-2026 | BroadcastPhaseAwareFanoutBalanced | On | 0.999699 | 6521.888889 | 342110.555556 | 918838 | 0.309530 | 0.309530 | 0.309530 | 60.185039
quick-synthetic-sparse-seed-2026 | OutputChannelModulo | Off | 0.999363 | 64.888889 | 1774829.333333 | 0 | 0.263102 | 0.263102 | 0.263102 | 0.000000
quick-synthetic-sparse-seed-2026 | OutputChannelModulo | On | 0.998442 | 842.222222 | 2687682.916667 | 486171 | 0.199253 | 0.199253 | 0.199253 | 65.952446
quick-synthetic-sparse-seed-2026 | TaskRoundRobin | Off | 0.999775 | 13.222222 | 226623.000000 | 0 | 0.263102 | 0.263102 | 0.263102 | 0.000000
quick-synthetic-sparse-seed-2026 | TaskRoundRobin | On | 0.999711 | 87.555556 | 215042.583333 | 486171 | 0.199253 | 0.199253 | 0.199253 | 65.952446
quick-synthetic-sparse-seed-2026 | ETAwareCostBalanced | Off | 0.999447 | 87.222222 | 1952281.000000 | 0 | 0.263102 | 0.263102 | 0.263102 | 0.000000
quick-synthetic-sparse-seed-2026 | ETAwareCostBalanced | On | 0.996321 | 13723.888889 | 7599828.916667 | 486171 | 0.199253 | 0.199253 | 0.199253 | 65.952446
quick-synthetic-sparse-seed-2026 | ETAwareCostBalancedMemoryAware | Off | 0.999626 | 20.555556 | 1101117.000000 | 0 | 0.263102 | 0.263102 | 0.263102 | 0.000000
quick-synthetic-sparse-seed-2026 | ETAwareCostBalancedMemoryAware | On | 0.997032 | 6646.888889 | 6230698.250000 | 486171 | 0.199253 | 0.199253 | 0.199253 | 65.952446
quick-synthetic-sparse-seed-2026 | BroadcastPhaseAwareFanoutBalanced | Off | 0.999256 | 87.222222 | 2465574.333333 | 0 | 0.263102 | 0.263102 | 0.263102 | 0.000000
quick-synthetic-sparse-seed-2026 | BroadcastPhaseAwareFanoutBalanced | On | 0.998863 | 2386.555556 | 1705395.583333 | 486171 | 0.199253 | 0.199253 | 0.199253 | 65.952446
quick-synthetic-uniform-seed-2026 | OutputChannelModulo | Off | 0.999671 | 233.888889 | 4234676.472222 | 0 | 0.713250 | 0.713250 | 0.713250 | 0.000000
quick-synthetic-uniform-seed-2026 | OutputChannelModulo | On | 0.999680 | 2111.888889 | 1141928.888889 | 629598 | 0.443604 | 0.443604 | 0.443604 | 56.832731
quick-synthetic-uniform-seed-2026 | TaskRoundRobin | Off | 0.999915 | 8.555556 | 552861.805556 | 0 | 0.713250 | 0.713250 | 0.713250 | 0.000000
quick-synthetic-uniform-seed-2026 | TaskRoundRobin | On | 0.999818 | 423.888889 | 407471.222222 | 629598 | 0.443604 | 0.443604 | 0.443604 | 56.832731
quick-synthetic-uniform-seed-2026 | ETAwareCostBalanced | Off | 0.999202 | 1065.888889 | 12172357.805556 | 0 | 0.713250 | 0.713250 | 0.713250 | 0.000000
quick-synthetic-uniform-seed-2026 | ETAwareCostBalanced | On | 0.999725 | 23060.888889 | 1099058.222222 | 629598 | 0.443604 | 0.443604 | 0.443604 | 56.832731
quick-synthetic-uniform-seed-2026 | ETAwareCostBalancedMemoryAware | Off | 0.999725 | 516.222222 | 4090612.805556 | 0 | 0.713250 | 0.713250 | 0.713250 | 0.000000
quick-synthetic-uniform-seed-2026 | ETAwareCostBalancedMemoryAware | On | 0.999845 | 13476.888889 | 185113.222222 | 629598 | 0.443604 | 0.443604 | 0.443604 | 56.832731
quick-synthetic-uniform-seed-2026 | BroadcastPhaseAwareFanoutBalanced | Off | 0.999717 | 163.888889 | 3677525.472222 | 0 | 0.713250 | 0.713250 | 0.713250 | 0.000000
quick-synthetic-uniform-seed-2026 | BroadcastPhaseAwareFanoutBalanced | On | 0.999733 | 3358.888889 | 984837.555556 | 629598 | 0.443604 | 0.443604 | 0.443604 | 56.832731

